1 0.1572339813812705 0.35223414481019744 0.04153406667727224 0.07836134933607006
1 0.24971238271799762 0.3766978136245 0.04004429201145401 0.08460225897699054
1 0.28471409138286136 0.3632120305452086 0.037455094008590525 0.06349487343837108
1 0.36480103337840697 0.32993137705260833 0.037682360677908554 0.08302612343837099
1 0.3572254380569519 0.41748137402754615 0.04389599801081765 0.07993748487468952
1 0.43923795938095234 0.3482495849963264 0.03536588267822669 0.08535623789975162
1 0.46717260272117933 0.39887175371243316 0.04085281401177223 0.08695055415653022
1 0.5473777233847704 0.37574735021983285 0.03747327534213589 0.06505737343837108
1 0.5822981633911336 0.42242236232008123 0.03760054467695397 0.0759948734383709
1 0.6782828253898611 0.4124883052366847 0.038409066677272105 0.07834316861791084
1 0.6600680800445434 0.32430704918656056 0.0382817973424542 0.06740566861791084
1 0.8880481767186339 0.3776719019404762 0.03766417934436319 0.08146362343837099
1 0.8423538687141796 0.3451230223537851 0.03682838534372692 0.07677157825883114
1 0.7797089653882703 0.40017868189650957 0.03909031934277216 0.06975396379745077