1 0.103125 0.4922440110179167 0.03828125 0.05323475598392378
1 0.18515625 0.544934559554896 0.03359375 0.058594403210381965
1 0.21796875 0.5074170289696877 0.02890625 0.05301655043684032
1 0.23828125 0.4539835576550349 0.03515625 0.05081827080156245
1 0.2671875 0.4187188580918752 0.034375 0.046112587005972296
1 0.31484375 0.3948280696228822 0.03203125 0.04449553561920139
1 0.32578125 0.4591451427611461 0.03359375 0.04453190321038196
1 0.2984375 0.5178837099154864 0.03671875 0.05397963839274311
1 0.478125 0.5408159829012504 0.04140625 0.06033874116628475
1 0.4875 0.4597841884483337 0.03359375 0.057031903210381964
1 0.44609375 0.44163294728204894 0.0234375 0.03882676386770836
1 0.4234375 0.4098556172099309 0.025 0.04042563145888885
1 0.39140625 0.40598508159072944 0.025 0.03808188145888884
1 0.3671875 0.4437026339274309 0.0296875 0.05303473423243048
1 0.50703125 0.41570753333809074 0.03046875 0.040552918028020815
1 0.559375 0.4427070976426394 0.02890625 0.04989155043684033
1 0.58203125 0.3971406777147575 0.028125 0.037373366641249996
1 0.6140625 0.44944871333395886 0.0328125 0.05154496941479163
1 0.59296875 0.5317702508530214 0.03515625 0.05550577080156245
1 0.7203125 0.5261404595342367 0.03671875 0.06569838839274311
1 0.6453125 0.41423856515757 0.03359375 0.04765690321038196
1 0.690625 0.42076197530180615 0.028125 0.04206086664124999
1 0.7375 0.4593530030372229 0.0328125 0.05310746941479181
1 0.86953125 0.47805106449197987 0.04453125 0.0752552263486459
1 0.81328125 0.4595543312094799 0.0359375 0.05630520459715278
1 0.78203125 0.45648322938586877 0.02578125 0.044350065254479175
1 0.7609375 0.42239851690493124 0.02578125 0.038100065254479176