1 0.8533845040604853 0.30842814278322195 0.05163641233702023 0.09433180267345423
1 0.7409935982162864 0.3008690867679499 0.04834777110331849 0.08492044000636341
1 0.6723702832814782 0.3375781987587231 0.04588129017804192 0.0778619180060451
1 0.5469669086868677 0.269699260741542 0.044332426947516976 0.07862498667249973
1 0.5842799480541306 0.3256134534134054 0.0428108372559425 0.08095055533895427
1 0.4891992731352085 0.3112231420671333 0.04518186079489297 0.0825403273392725
1 0.36424018344363407 0.30742488538349766 0.048388681411743836 0.0872641900063634
1 0.3373970397743 0.2336601213796797 0.05080061525911974 0.09119771200668154
1 0.24303733928783267 0.31226583203372577 0.04514095048646727 0.0801965773392725
1 0.18266862946587453 0.23420391935868062 0.044482431411743885 0.08721873667249973
1 0.1157538648553779 0.21779712201622653 0.05105971387914794 0.10604146200668155
1 0.09594415097622996 0.3230567866804539 0.052308568181219026 0.0880908933402269