1 0.10485277402927137 0.2126471010162144 0.05872156667727224 0.0798071719450392
1 0.24511688407063312 0.5133564916867298 0.0613380366804539 0.10331286810497317
1 0.37316915873645135 0.5033784349436699 0.0645357620146357 0.10965379631821862
1 0.4807094860757237 0.5440141436400163 0.058967014680135675 0.10090092194503927
1 0.6256401780712695 0.506973481724107 0.06193747334499946 0.08771060015828454
1 0.7705890514003606 0.4714953198081976 0.07078576201463563 0.1098356527447093
1 0.20020108935390812 0.1457885584589195 0.049601105346908446 0.1014093873053031
1 0.3162164406826811 0.10880773251552975 0.05038235534690845 0.10143211935861447
1 0.43785563068904443 0.15215926425227197 0.05328008867759042 0.08199179757185981
1 0.6004738093570898 0.15758724716351313 0.054224970679499405 0.09607702962517113
1 0.7014363253500902 0.10306958023303885 0.05505167401336308 0.10000601167848248
1 0.7900993833545444 0.13331335820885737 0.0659800833465903 0.09954301042484129