1 0.10265632562655255 0.2136346913192279 0.058257927594901296 0.07723520934118148
1 0.23684393150372615 0.5128341653007743 0.059961328160635395 0.10147214067472703
1 0.3634427929400446 0.5051114772835932 0.06312268959695384 0.10775850334181776
1 0.46866155806535514 0.5468529872692757 0.05760394262201594 0.09910111867440871
1 0.6118166604264873 0.5131581452498675 0.06143292456983929 0.08586532200827239
1 0.7557484676080797 0.48023546256368654 0.0693681444174139 0.10704997867599957
1 0.19755573516927707 0.14925347063972852 0.048228942622015936 0.09899203067313604
1 0.3133761778894889 0.11431430195736561 0.04979144262201594 0.0990102120066815
1 0.4326347171171003 0.15979842994113908 0.05202156313352084 0.07950623400699967
1 0.5935176749626226 0.16730075258595828 0.05367042154477701 0.09436816534054512
1 0.6938131116327102 0.11535589723904979 0.05368860226293624 0.09749316534054513
1 0.781126759271578 0.1463689925605049 0.06462610226293623 0.09762043467536326