1 0.8668345386384363 0.3270915961909868 0.048973831185697494 0.0930329797074605
1 0.7566419272021179 0.32276438068698576 0.04657553903121965 0.08361706939903506
1 0.6904493006404888 0.3606422560923752 0.04419088241536144 0.07654490909060954
1 0.5666300055591449 0.2971718656694521 0.042632927594901206 0.07729888555165916
1 0.6044481681269315 0.3512048007346439 0.04030281313352067 0.07960172524323372
1 0.5114066952542945 0.3403275763021892 0.0434323583130606 0.0804375223211343
1 0.38873680971567515 0.3401247991097908 0.04580337939029935 0.08516593262955982
1 0.3609749031980127 0.2687270860414218 0.04817440046753827 0.08989434293798534
1 0.2708044211519936 0.34843395130054156 0.042642017953980905 0.07886138555165915
1 0.21020274355709234 0.2729214825501296 0.04267837939029935 0.08511138555165916
1 0.14371013514583597 0.2592368579555191 0.04903746369925477 0.10397047970746058
1 0.12634134884509074 0.362675503653448 0.05049542456983915 0.08602900324641087