1 0.15474094931572807 0.1296875 0.048456228675999566 0.06875
1 0.15466712929663803 0.2703125 0.051753951344681325 0.08359375
1 0.2575568666454555 0.15625 0.05341644867918127 0.0921875
1 0.33140344665022803 0.12109375 0.04623974801081765 0.0796875
1 0.4182034653087284 0.18125 0.048574407344045056 0.07890625
1 0.5267068559834553 0.121875 0.0570408880092268 0.06796875
1 0.6072750559755011 0.18046875 0.04617611334340861 0.07421875
1 0.7080023093173189 0.11796875 0.048610770011135784 0.08203125
1 0.7697932373090466 0.17890625 0.04316020134468133 0.08359375
1 0.8844648119828189 0.1265625 0.058058495345317596 0.08828125
1 0.8685569066279563 0.28515625 0.05413406401177241 0.08671875
1 0.7005790659611837 0.2859375 0.05643236067790873 0.0828125
1 0.5256154286282745 0.2828125 0.058848836012090365 0.0890625
1 0.32943077196054726 0.290625 0.052517020011135784 0.08203125