1 0.1859375 0.11965180113509044 0.04375 0.06795115909060953
1 0.221875 0.1968415925309483 0.05078125 0.07354264001588606
1 0.209375 0.3255296542193456 0.05390625 0.07437843709378669
1 0.33828125 0.3340297211827486 0.0453125 0.07032218262955983
1 0.35390625 0.196802456572252 0.05078125 0.07588639001588601
1 0.35 0.09907802272487616 0.04609375 0.07971081939903502
1 0.50625 0.10258662661991017 0.04921875 0.07585911647693573
1 0.675 0.13287591882654687 0.04296875 0.06637502232113435
1 0.82109375 0.14792599471840367 0.0453125 0.07188468262955987
1 0.77578125 0.22057256208884382 0.05546875 0.08143696063273706
1 0.63671875 0.21111396712226355 0.06015625 0.07839378124958811
1 0.4875 0.21710309415250606 0.0453125 0.06875968262955982
1 0.50234375 0.3493934427725343 0.05078125 0.08135514001588602
1 0.65390625 0.37000772605071724 0.05 0.07743525324641087
1 0.79453125 0.3138685945562479 0.05078125 0.09073014001588611