1 0.10635218670431645 0.28034438103709697 0.05018236067790856 0.08424461935861442
1 0.2066521787078163 0.30903533386094856 0.05269883334659031 0.09915656551854841
1 0.170649949355499 0.16819137351524954 0.05789486334340861 0.07587818989172783
1 0.3024817520289532 0.2220103584715548 0.04230622601049951 0.07854854882550102
1 0.3138363280155902 0.12393657132453621 0.04237895134468132 0.08479854882550102
1 0.40914992270049844 0.2610394177218971 0.05967553934595404 0.09467365399835055
1 0.441026084022908 0.18152541396097338 0.04146134134309047 0.07305706677218975
1 0.5091948286919079 0.20069060259906002 0.05014599801081765 0.08111961935861442
1 0.5733931413510447 0.1471086130239013 0.04774770401018138 0.07636392319868043
1 0.6259743433720437 0.30327369648913843 0.04384145401018138 0.07625026293212374
1 0.6781442760184537 0.15562345816762094 0.04691191000954511 0.07165369114536908
1 0.7455595900302259 0.2442744326990849 0.05795849801081765 0.08134693989172792
1 0.8096397240213171 0.18053619312392613 0.04384145401018138 0.07625026293212374
1 0.9048704080203628 0.17627825362790966 0.04381418200986289 0.07390651293212373
1 0.8863118593650441 0.2593037022951262 0.04623065734404506 0.08022470909205773