1 0.2101749515990064 0.1423732572181946 0.04335054508134402 0.06662510875746533
1 0.24654878883482803 0.21820971181534743 0.05041361133812261 0.07225751291777778
1 0.23478965309981686 0.34526252108590294 0.05354770169720222 0.07389274810013893
1 0.3621652193565955 0.35369522976711837 0.04493122579950324 0.0697864763486459
1 0.37622265329620863 0.21888447188333365 0.05042724687674198 0.07460126291777787
1 0.3725385962128121 0.12271798670097253 0.0457670179539809 0.07917966014423614
1 0.5256681413923519 0.12706326063666712 0.048864746876741985 0.07456489532659724
1 0.6914522226762452 0.15826197530180613 0.042560204722264315 0.06504442496187504
1 0.8352749455488822 0.17410779369041735 0.044935770979043 0.0705677263486459
1 0.7919385568870048 0.24418325113736178 0.05514656313352066 0.0801791156913195
1 0.6544021954506863 0.23473290311347278 0.05982042759490121 0.07794446846486114
1 0.5083584424256242 0.23992628333809068 0.04492213544042354 0.0682239763486459
1 0.5231754422292324 0.3699410916587157 0.050459063133520846 0.08007001291777778
1 0.6724987313586481 0.39138294661645895 0.04965508723582168 0.07614557912218753
1 0.8104436380727023 0.3367889784359382 0.05051360528799833 0.08944501291777787