1 0.1062942061157642 0.40356025732018247 0.03868194671336811 0.05121760200509069
1 0.18232872283326418 0.3464102813096829 0.04306097539871532 0.07157555533895428
1 0.23965221998347258 0.4254523439688196 0.034230836056041714 0.06131930800445442
1 0.30680269918191005 0.3895052059595928 0.03826437262517359 0.06683351133831791
1 0.3751338186729517 0.33713363661682044 0.03066942496187508 0.042532945337363515
1 0.3972646982319795 0.41502227928072977 0.03235921153100696 0.04801987667090888
1 0.462852024220035 0.34549048193827553 0.029325130508958352 0.05188976400381797
1 0.4873078167730906 0.38896776193509386 0.03323138050895835 0.05193521733768156
1 0.48087401918604195 0.2804194652689575 0.02069501291777769 0.050227266669318024
1 0.5533490844405211 0.305364373925867 0.030051829122187533 0.049555104670590745
1 0.5842925727570142 0.42613085992204897 0.03388534393982638 0.04647555800445424
1 0.658419097358299 0.354155315245095 0.036447299486909654 0.055877830004772554
1 0.6584359747331252 0.2877308839115495 0.03397626291777769 0.05038180800445433
1 0.7263508265567363 0.3181990865690954 0.033903527735416716 0.04725680800445433
1 0.7846361052420836 0.33783887722791395 0.03490298328250017 0.056640898671227013