1 0.1348109711827486 0.3367812899825008 0.06023016233702041 0.09443180000795418
1 0.18406490300152956 0.24869039664227385 0.045908563716992215 0.07942441800604519
1 0.2972506956152034 0.24190349996022906 0.04516822402541774 0.0817590773392725
1 0.3169671318982112 0.16275180195736558 0.03894549756436803 0.08324885200509069
1 0.4293677203719697 0.20051433660886628 0.04682618141174384 0.08724600867281787
1 0.4618665746740408 0.18216377860441196 0.03393071509696384 0.06444430800445433
1 0.5211870275961401 0.17834788792968506 0.04253810186643925 0.06532555533895427
1 0.6266012305182395 0.17399564791536754 0.04582674310014099 0.07473691800604518
1 0.7050029200476582 0.14417124057132255 0.049487531249588025 0.06071987133990877
1 0.7423450073036006 0.22422181989977732 0.03628810186643907 0.06525283000477256
1 0.8413046586835724 0.2082235552196416 0.047211965096963834 0.06459884933959063
1 0.8795740462638264 0.34139913454809634 0.04643071509696384 0.06458975867281787
1 0.7805228916374438 0.3073883085614594 0.040235262174864596 0.06764203333863605
1 0.6625268680984935 0.30719849924414044 0.04109833279171564 0.07233862400540883
1 0.6185780450460105 0.3858507579169584 0.049828450486467266 0.08025112133990878
1 0.5653791327089901 0.29270074192395806 0.041675031249588025 0.060628964672181596
1 0.4288240239426921 0.3036666086091845 0.04346935633066593 0.07392839600572705
1 0.2924928319776415 0.41699440662795634 0.048415954950694215 0.08882669000636341
1 0.42253488798399597 0.4357978559436845 0.04438697402541756 0.08174998667249973