1 0.06882350689656355 0.40846776985163197 0.03998980032431154 0.05403418977951393
1 0.14825586241645064 0.35096570079743067 0.04426424310014117 0.07521885875746533
1 0.20752749675029386 0.43590505167111127 0.035493215096963925 0.06486258700597229
1 0.27874793181548563 0.4000779608654169 0.03948128571381489 0.0696410059839236
1 0.3496956314911741 0.3486258700597225 0.032013659090609534 0.04447735182361114
1 0.3729888555165918 0.43038501633625026 0.03367161647693573 0.04998246941479181
1 0.4412655227248761 0.3601283741437851 0.030628437093786688 0.05459723423243066
1 0.4662888421239112 0.4067858218070837 0.033753437093786684 0.05466996941479163
1 0.4603916237805364 0.29263240282913233 0.0212261635548364 0.05281652868534721
1 0.5358689107121674 0.321721797205799 0.031368776785361166 0.052271668028020815
1 0.5677655673671449 0.4489752814382296 0.03522047970746058 0.04923758700597212
1 0.6453763242670038 0.37659309479284775 0.03772787094116268 0.058667138392743026
1 0.6457251517837136 0.3070982123840283 0.0352886635548364 0.05314383700597229
1 0.7158291461016708 0.3415290701915631 0.03523411647693564 0.050018837005972296
1 0.7771348388775003 0.3640411562476048 0.036179007710637735 0.059412020801562535