1 0.08933767242853985 0.49145288879807014 0.03859032220870699 0.053793201704283436
1 0.17340814539937263 0.5452694099013884 0.034720433645025486 0.05997501785690744
1 0.2064479043763631 0.5067796542193456 0.02921532220870704 0.05362956047058134
1 0.22707856694414968 0.4524467102257 0.036232936670087576 0.05140854139585773
1 0.2569796903825207 0.41624615746575644 0.034643165592848746 0.046693767856907445
1 0.3055671813073344 0.391310387173217 0.033071575233769045 0.045103994317957155
1 0.3161228862259905 0.45712630194586934 0.034634075233769136 0.045131267856907444
1 0.28842915740142516 0.5168052650142384 0.037813617388246804 0.05456081493480802
1 0.47112802791292996 0.5395275190714282 0.042537478824565336 0.060892635551659066
1 0.48098936212368953 0.45609741030513024 0.03470679810640611 0.05763126785690744
1 0.43890185607356536 0.438173524753471 0.024446008976990542 0.03948523985373029
1 0.41565070843469754 0.40573317166921596 0.025236349336070062 0.041061376623205526
1 0.3836330939733169 0.402830314120734 0.026003963797450604 0.038731263392680584
1 0.3584103801758663 0.4406751874975285 0.03077782220870695 0.053656834009531626
1 0.5007796873574586 0.4119070795420095 0.031481804156530305 0.04038922077900686
1 0.5537546964326449 0.438615629866321 0.029978391490547908 0.05051819724005639
1 0.5774603620254937 0.39293098295057616 0.028343168617910842 0.03799092370110611
1 0.6091916301758663 0.4450525904990581 0.03389373184962743 0.05214888108743239
1 0.586825750785567 0.5290457609537533 0.03626020774732641 0.05609604139585791
1 0.7165632477605047 0.5227157146866316 0.03788179508134384 0.0662795649348082
1 0.6414365036142373 0.40889294804754 0.03387100595192827 0.04824263108743239
1 0.6874984373574586 0.4151662674465751 0.029151689695149585 0.04269206047058134
1 0.734931973560008 0.4542793603845604 0.03312157220870695 0.05369774431795697
1 0.8692115247896719 0.4730311347342897 0.04574883723582168 0.07579093262955983
1 0.8114990187395478 0.4548345137931271 0.03704600292686635 0.05689092816533296
1 0.779485949457707 0.4511504062446452 0.026821575233769223 0.044994900162155814
1 0.7593688921779188 0.41720210023829074 0.02599941861791084 0.03795001339268058