1 0.1235855832062501 0.13992504235086942 0.050855291603125075 0.07059884631100796
1 0.12771265159486136 0.28367049717132964 0.053544533719340315 0.08545623184962743
1 0.22890951605190984 0.16665973829253505 0.05532523926642367 0.09484032220870704
1 0.3030548776591668 0.1295046510567134 0.04800304853697925 0.08229941559284874
1 0.3935720813063891 0.19148650058917518 0.051091680945798676 0.08075509631100797
1 0.5023099952503474 0.12990813027406214 0.05943085780753492 0.06986759328594587
1 0.5865044637152085 0.1888013412428424 0.048638828172257044 0.07605396077238855
1 0.6873753262723958 0.12492467272312743 0.05118259992375016 0.08466134631100797
1 0.7528925299196182 0.1870519680008631 0.04495078371934049 0.08540623487468953
1 0.867262848023889 0.1324730314289714 0.06070307028847246 0.09096588846548567
1 0.8569825775066668 0.29505484466068793 0.05597920269729144 0.0893761173882468
1 0.6858888275066668 0.2960502389799061 0.05899509992375016 0.08470679810640602
1 0.5069098423243058 0.2939660850945224 0.06072125408406261 0.09174713846548563
1 0.3071098640757989 0.30372340105671336 0.05508884992375007 0.08468407220870695