1 0.128990255370771 0.27504947609409075 0.05566929201145401 0.08469316256778665
1 0.2169806040340439 0.24953587080609235 0.047847701344681325 0.0838664607723885
1 0.32452947469763493 0.22625238602959877 0.04620338534372674 0.0768261204133089
1 0.4518004993634531 0.2192615217646099 0.05320736334340861 0.0745232770291672
1 0.5665624333624987 0.211562130372258 0.0422335006763177 0.07133464451560992
1 0.6902999253659985 0.2366252420049682 0.04769316000954511 0.07058521077238851
1 0.8075510600334075 0.24141221507399688 0.03601077267663584 0.07364203307929137
1 0.8837868433720437 0.28003383265863546 0.05099088267822651 0.08544714149054773
1 0.7323703413828614 0.3606076426688981 0.057259064011772054 0.08704600292686626
1 0.5582970420512249 0.3741212177062755 0.05173577001113579 0.08232668667008758
1 0.41469249271958847 0.38745753074160033 0.04924656934277234 0.06981305113146812
1 0.27713794871895214 0.3835699823406067 0.05246247601049951 0.07764373184962743