1 0.09342625049097933 0.3214454394960165 0.06071530708339647 0.09784411810497318
1 0.14629724131759714 0.22929739192415663 0.046566448672140125 0.08259119114536909
1 0.26273076239483595 0.2212228159807669 0.04579883421075959 0.08491220909205772
1 0.28586425624651596 0.138532336434738 0.03956246974937896 0.08707410266556703
1 0.4012529069104459 0.1757929925446596 0.047397695647078034 0.09120767319868044
1 0.4349557412194013 0.15606551425227194 0.03398009026088378 0.06738372829238762
1 0.49591142193756055 0.1511674140939874 0.04335963544042354 0.06843776293212374
1 0.6053046026557197 0.14485992663039973 0.046534632415361446 0.07712244114536908
1 0.6867273194782324 0.11280829308602029 0.05114486436318479 0.06397758346523715
1 0.7229642804470128 0.1945523865803873 0.036328385440423716 0.06823317445232165
1 0.8261801840378091 0.17592675554329035 0.0480425902608836 0.06779290525199175
1 0.8620989824388026 0.3123583490376573 0.0472613402608836 0.06777017319868044
1 0.7607455606976338 0.2793760159681316 0.041029520979043 0.07071331677218975
1 0.6388796510567134 0.28135971628470074 0.04183804205628192 0.0754235488255011
1 0.5915364975641131 0.3631923894833812 0.050477243851679884 0.08348610141192578
1 0.5389750998270493 0.26786316910855235 0.042546569183645036 0.06294628087881238
1 0.3982910124930319 0.2821111887045936 0.04419088241536144 0.07705424498543509
1 0.25387287110067996 0.4011376365138803 0.048969286006157645 0.09281563730530315
1 0.3881251512531051 0.4183214733443297 0.044236334210759586 0.084866744985435