1 0.13828125 0.3046175418028949 0.0390625 0.06474433847375849
1 0.1984375 0.2777862605533068 0.0390625 0.06474433847375849
1 0.31015625 0.26255495251835753 0.04453125 0.06015229586008468
1 0.3890625 0.31899013880136534 0.04921875 0.06414036647693573
1 0.4984375 0.27723724107484154 0.05 0.06962275324641087
1 0.59140625 0.2943644655072963 0.04609375 0.06721081939903506
1 0.68515625 0.24507180317027594 0.04609375 0.07189831939903506
1 0.753125 0.26888540422593615 0.05234375 0.07591366355483639
1 0.87109375 0.24026375203518543 0.0515625 0.08527502678536117
1 0.6328125 0.4327042167251124 0.0453125 0.07579093262956
1 0.47265625 0.45971850446752216 0.046875 0.07191195616851012
1 0.3375 0.46832766558672656 0.046875 0.07113070616851011
1 0.209375 0.4510328457806544 0.04921875 0.07195286647693563