1 0.14854023404677058 0.34705405235290643 0.039926113343408606 0.0749005884737585
1 0.23631295404995223 0.3720188705341255 0.03842724801081765 0.0803420649348082
1 0.2697612533815887 0.3601052516215578 0.03585623134149962 0.060769904626382674
1 0.3451879673774525 0.33095926826064925 0.03606531667727229 0.07873865462638267
1 0.3375578280553611 0.4136217637964224 0.04150679467695406 0.07649036201270895
1 0.4157095527132252 0.3501553275134146 0.03374883867759042 0.08104149431795715
1 0.44204533338636126 0.3982615909060952 0.03923577001113578 0.08269945170428343
1 0.5183623853834977 0.3785042443146619 0.035865322008272395 0.06155115462638268
1 0.5516930533895429 0.42360823863261904 0.03599259134309048 0.0724886546263825
1 0.6422089653882702 0.4158151038917387 0.036801113343408784 0.0748460413958579
1 0.6240487640435889 0.33192134496328496 0.0366829346753633 0.06468979139585782
1 0.8402737480505886 0.3872475933384319 0.03604713534372692 0.07717615462638268
1 0.7977317120464524 0.35604245778677274 0.035220432009863065 0.07325626785690745
1 0.737394196053452 0.4065412897677095 0.036701116008908664 0.06625229139585773