1 0.08359375 0.39902729865531866 0.03828125 0.05278919267186346
1 0.16328125 0.33950630064450105 0.04296875 0.07393748667249973
1 0.2203125 0.4224364319700923 0.03359375 0.06367214867122702
1 0.29140625 0.3841091812937745 0.03828125 0.06841419267186347
1 0.36328125 0.3301478399506841 0.03125 0.043332376670908876
1 0.384375 0.41115239194782055 0.03203125 0.04959146733768165
1 0.453125 0.33925866327182097 0.0296875 0.05347044533736352
1 0.47734375 0.3842893526018666 0.0328125 0.05350680800445442
1 0.4734375 0.27183480593573023 0.0203125 0.0517988573360908
1 0.54765625 0.2975336925923216 0.03046875 0.05113578600413611
1 0.5765625 0.42219733792173086 0.03359375 0.04804714867122719
1 0.65546875 0.34784168057768594 0.0359375 0.05744942067154524
1 0.65703125 0.27985474924414044 0.03359375 0.0519533986712271
1 0.72578125 0.3110860205681409 0.03359375 0.048828398671227104
1 0.7859375 0.33147978922664123 0.03515625 0.059002830004772557