1 0.10135754301741562 0.30379910685760425 0.042592648944339784 0.06893249116628475
1 0.16495639285525984 0.27872767809600707 0.042579012174864594 0.06815124116628475
1 0.2826660442352316 0.26662968123013914 0.04797957832748878 0.06437227773541672
1 0.36733709902377004 0.3302940973582989 0.05350287540538945 0.06762456430454869
1 0.48222571347211085 0.2907977991056601 0.05439321956119088 0.07389274810013893
1 0.5810041327089901 0.31262020735003515 0.049664809252765355 0.0714398953265972
1 0.679336492693104 0.26414829939000056 0.0497466298696164 0.07612739532659721
1 0.7516887796247349 0.2931649585843062 0.056078450486467445 0.08096036569131951
1 0.8754029691541536 0.26714993208316046 0.05624209172016918 0.0903353656913195
1 0.6273178453703221 0.46051349990309076 0.04904720048646745 0.08079671153100705
1 0.45823660876300265 0.48234886626000045 0.0513091298696164 0.07616376291777768
1 0.3153769529188041 0.4852712316669795 0.051295493100141164 0.07538251291777769
1 0.17986614691244962 0.4618129350298613 0.05365287986961631 0.07621831430454869