1 0.0990970719141194 0.24595165381560377 0.05517837939029935 0.08532957386326193
1 0.1872328761688455 0.21941069886490955 0.04736133421075954 0.0844119561685102
1 0.2949135659621911 0.1948725746773361 0.0457579275949012 0.07735343262955982
1 0.42143970452587265 0.18641341802235853 0.05277554205628192 0.0751324135548364
1 0.5362425479100142 0.17737756290950854 0.04181986133812252 0.07181649878218402
1 0.660611288834828 0.2009905665629565 0.04728406615858276 0.07113070616851021
1 0.7770493550916067 0.2044274379111562 0.035583496876741984 0.07405115462638268
1 0.8530578640685971 0.24216717127206472 0.050495424569839284 0.08602900324641087
1 0.7011777223816577 0.32451384131972283 0.05675451492891881 0.08770059740221221
1 0.5270271500747548 0.3392735909126857 0.05125849385167989 0.08291764001588611
1 0.3833544181269315 0.355064006496117 0.048842020979043 0.07037672970746059
1 0.24582714704969266 0.35277657792374695 0.05201247277444114 0.07824377678536117