1 0.06643247931554461 0.2640625 0.06231416851971496 0.10234375
1 0.10891541598563217 0.21328125 0.055941448672140126 0.08125
1 0.0915148134281083 0.115625 0.049645996876742024 0.0734375
1 0.17306881957642836 0.19765625 0.051217587235821684 0.075
1 0.23513754840099366 0.1375 0.048842020979043 0.06953125
1 0.30642219594166564 0.1046875 0.051962475799503235 0.06875
1 0.38039550624651597 0.146875 0.04893292456983911 0.08515625
1 0.468204578455223 0.09375 0.048782933645025395 0.059375
1 0.5517074248644267 0.109375 0.050363614363184796 0.0625
1 0.61623755747618 0.16328125 0.05357497277444097 0.07734375
1 0.6455256025575239 0.09765625 0.04651645169720222 0.07265625
1 0.7078710664531703 0.12421875 0.052784632415361445 0.07578125
1 0.7722790000981958 0.06484375 0.050454517953980905 0.078125
1 0.8207796117309061 0.18828125 0.05748122277444097 0.07734375
1 0.8998444221339522 0.2953125 0.07242951190385653 0.0953125
1 0.7209790787498106 0.28828125 0.06382667154477702 0.09375
1 0.6250035034178456 0.26796875 0.05674087939029952 0.084375
1 0.576293292645457 0.31484375 0.06151019262201594 0.0984375
1 0.41949839198152705 0.27421875 0.060710761903856714 0.0953125
1 0.4520341569104459 0.1875 0.046566448672140125 0.08125
1 0.3058949551150478 0.1953125 0.05207156010845857 0.0875
1 0.32312284085005893 0.32265625 0.06383121672431687 0.09453125
1 0.2312535034178455 0.26796875 0.05913917154477701 0.09375