1 0.1427297478157985 0.14113088022461792 0.050855291603125075 0.07145807912218753
1 0.14094642942718724 0.2848445126334374 0.05356271751493065 0.08713763050895836
1 0.24758024876572904 0.16523856781993035 0.05532523926642376 0.09576774810013892
1 0.3241979533628818 0.12753723964767333 0.04800304853697925 0.08310409393982643
1 0.41182393351124985 0.1871830369503816 0.051091680945798676 0.08161432912218754
1 0.5241797695672916 0.12366343797656205 0.05944904160312507 0.0716581008736806
1 0.6071546173068401 0.181855838052812 0.048638828172257044 0.07687227773541672
1 0.710989438545243 0.11541126083048552 0.05118259992375016 0.08552057912218754
1 0.7735972348980207 0.17642018959208267 0.04575021751493065 0.08695579255305556
1 0.8920394167937499 0.11978637025354091 0.060703070288472105 0.09198878466927089
1 0.8733952535153817 0.2834131123697562 0.0559792026972918 0.09031718189572917
1 0.7015020697197915 0.28819479739961745 0.059013283719340316 0.08648366707809033
1 0.5211242386977428 0.2884890041809718 0.06150250408406262 0.09278821846486114
1 0.32012478315065945 0.3025372396476733 0.05508884992375007 0.08561149810013902