1 0.18467446096878026 0.0838897075509347 0.04571247579950315 0.0690136204133089
1 0.22171539783525956 0.16301412616884553 0.05356133723582168 0.075309072208707
1 0.20766146731349205 0.29574935811666875 0.056690882415361445 0.07610850292686618
1 0.34121431069763375 0.3035578338179761 0.04729315651766246 0.0721477107723885
1 0.3584523285534188 0.16068453258831208 0.05357497277444114 0.07765282220870699
1 0.3551324067140541 0.05988055669061303 0.048133493851679886 0.08230850595192836
1 0.5168466115345144 0.06160265885535347 0.05123122277444096 0.07763918667008758
1 0.6908971898915415 0.09152248389273085 0.04492668061996348 0.06822782523376911
1 0.8423869670189046 0.10490424872345376 0.0473022468767418 0.07371021077238851
1 0.795071084603543 0.18041278795106525 0.05751303903121983 0.08314429810640607
1 0.6505807412194013 0.17254067973620058 0.06296815349260036 0.08083236436318471
1 0.4966199490649236 0.18102027936685824 0.04728406615858276 0.07058521077238855
1 0.5106728378249968 0.31704413777811463 0.05360678903121965 0.08312157220870695
1 0.6675950035160414 0.3367077188656162 0.05202156313352067 0.07920623184962743
1 0.8140387323406066 0.2774014174395605 0.05366587636523725 0.09327782220870695