1 0.09730925371243315 0.46017247416444435 0.04095225292686626 0.057195557370694414
1 0.18527688632418635 0.5120239552627429 0.03629656918364486 0.06255520459715277
1 0.21988823566025636 0.47059886825677066 0.030796002926866173 0.05695916802802081
1 0.24209957894620224 0.4122772219802428 0.037809072208706954 0.05399782218833345
1 0.2727910427436529 0.373286803952222 0.036219301131468117 0.04927395459715278
1 0.3245080788480064 0.34552417344326364 0.034647710772388506 0.0476750870059723
1 0.33582685304850324 0.41400141650940947 0.03621021077238851 0.04771145459715278
1 0.3065524435057787 0.4779554669462497 0.04017554810640602 0.05795862357510408
1 0.49784051883774366 0.49381293702663154 0.04411815954272456 0.06429954255305556
1 0.5085058289462022 0.40607654768395796 0.0362829336450254 0.06021145459715278
1 0.4640791180756179 0.38914427403260377 0.025236349336070062 0.041206881458888935
1 0.44005581079582967 0.35611422169590246 0.026807939695149587 0.04280574905006951
1 0.4056989915139889 0.35378930870187464 0.0267943041565303 0.04046199905006951
1 0.37968139217791885 0.3950143739563538 0.031572707747326414 0.05619610182361114
1 0.5290910397185907 0.3587287689986106 0.033057939695149585 0.04295121941479163
1 0.5851819584346976 0.3847632857161106 0.03155452702916719 0.05307110182361115
1 0.6096870547457055 0.334980838052812 0.029919304156530303 0.04053473423243057
1 0.6429626421779189 0.38888643484243 0.03547441256778665 0.055505770801562535
1 0.6197927868899205 0.47769501491454813 0.03783634328594587 0.058685322188333444
1 0.7557802838648583 0.4659372844818396 0.03946247579950324 0.06965918977951376
1 0.6767791059753694 0.349823281632048 0.03544714149054773 0.05081827080156254
1 0.7251847897185908 0.3541646363054508 0.029946575233769222 0.04522223423243057
1 0.7749484403825206 0.39362587338767296 0.03469770774732659 0.056268837005972294
1 0.9154779916121847 0.40675904018142284 0.048115313133520486 0.08001546153100705
1 0.8562075307416004 0.390172258646284 0.038622138465485636 0.059484755983923596
1 0.8218507114597596 0.38784734565225626 0.028397710772388507 0.047529616641249994
1 0.800180244539051 0.353200241928784 0.0275755541565303 0.040480182845659664