1 0.12330919321119112 0.2913522287263694 0.03943520472226432 0.06428975897699045
1 0.183610888956465 0.2667022075509347 0.03943520472226432 0.06428975897699045
1 0.29619270218818156 0.2532942134046672 0.044876683645025395 0.05963407523376914
1 0.37397681372269587 0.31234248135864806 0.04958690954272456 0.06356759631100797
1 0.4835881630587659 0.2723538064942213 0.05039997579950324 0.06904089149054773
1 0.5772290787498106 0.2916492280389984 0.0464800902608836 0.06667441559284874
1 0.6712563347017388 0.2445383995837754 0.04650736133812252 0.07136191559284874
1 0.7390750937769252 0.2707150802037388 0.052780087235821685 0.07530452702916719
1 0.8564216750608186 0.24405310713471015 0.05205337939029917 0.08467498184962743
1 0.6178262867917246 0.4309526225546082 0.04574883723582168 0.07526362041330899
1 0.45674334104645065 0.4550163155694076 0.047288611338122524 0.07136646077238851
1 0.32233197961013216 0.4604845446885605 0.04728406615858276 0.07058521077238851
1 0.1935393590986274 0.440203340064492 0.04963236133812261 0.07138009631100797