1 0.06743684745520812 0.25653064366933404 0.06410082722232649 0.1034210547885384
1 0.11080629416857621 0.2050130081176748 0.05657861474138896 0.08220457386326192
1 0.09509233482177075 0.10845165381560376 0.05090984298989589 0.07351536647693568
1 0.17523247008038179 0.18826979302071092 0.05252689437666671 0.07588639001588607
1 0.23757012234083322 0.12704987500164763 0.0500376740119445 0.06959547970746054
1 0.3086281579600346 0.09379131574888235 0.05236324021635426 0.06885514001588604
1 0.3818831667937499 0.1339020726487412 0.04962009992375007 0.08520684293798535
1 0.4698202310982985 0.08004464123699732 0.04902003466927081 0.05942559293798535
1 0.5522690551864929 0.09422414367262931 0.05067345364722229 0.0633591164769357
1 0.615876307086354 0.1462172918061902 0.0549070119678472 0.07748980032431155
1 0.6455105621203472 0.08088261810508408 0.04776665919430556 0.07267956939903501
1 0.7073923130702777 0.1063541765470705 0.05330814437666689 0.0759000267853612
1 0.7728185977395485 0.04664221145010654 0.05101894576343753 0.07820286647693571
1 0.8184194256274651 0.167671731742646 0.0588132619678472 0.0775579841716874
1 0.8956157456315971 0.27331203125617864 0.0733121730620141 0.0965534460222405
1 0.7184356497919094 0.26937632792704225 0.06546330547083343 0.09485457832748878
1 0.6228146784772568 0.2507411505724882 0.05819566612815983 0.08457559740221221
1 0.5733043345374303 0.2976803802799487 0.06321047444878473 0.09871991801906325
1 0.4179998919081248 0.2597827341749827 0.06157523926642359 0.09556764448011297
1 0.4520131756274651 0.17406737662650074 0.04720361474138883 0.08204093262955987
1 0.3065188376715623 0.18441631574888234 0.052817835106111134 0.08838639001588607
1 0.32154181278593724 0.3106651700509534 0.06470023926642376 0.09562219155801355
1 0.23140842847725676 0.25757317207954833 0.0599763716752431 0.09397787094116258