1 0.11544969414791695 0.32561563620854156 0.042425195763437576 0.0782893073706945
1 0.20585714181121556 0.3477432497156595 0.0402087323325695 0.08370350598392359
1 0.2407224510817711 0.334424978914097 0.03739220364722229 0.06333645459715279
1 0.3188649816669794 0.2997759155594789 0.03782861474138901 0.08208645459715277
1 0.31228963297750034 0.38669468731097195 0.04400587955902786 0.07910692496187499
1 0.39197582655673635 0.317616072569583 0.03553941612815983 0.08437565321038196
1 0.419683905678924 0.3662165735195136 0.04104453371934032 0.08606543977951393
1 0.4988622594023962 0.34248682636930516 0.03741038744281262 0.06411770459715278
1 0.5335288533422226 0.3877986731589232 0.03766496058107656 0.07505520459715279
1 0.6278418977951392 0.3762234338924995 0.03851894576343753 0.07819838839274311
1 0.6086359964846183 0.2899047273954856 0.03826437262517359 0.0672608883927431
1 0.8325469283803475 0.3386285956522562 0.037792247150208166 0.08052395459715278
1 0.7880513927611461 0.30761563820531185 0.036920078172257044 0.07659952080156254
1 0.726787890861285 0.3621953418525341 0.039100174011944586 0.06962282218833345