1 0.8625610834905906 0.31341238367739344 0.052218423062014095 0.09676735141192579
1 0.7491343631258683 0.3104585314075378 0.049638283719340315 0.08654290525199179
1 0.6812571853142017 0.3499589520989358 0.04713087955902786 0.07944345909205772
1 0.5515683788934378 0.2864995088419956 0.044805313354618195 0.08015651293212374
1 0.5919401121759378 0.3416129061764286 0.043315548536979165 0.0832360488255011
1 0.4955372376509031 0.33112769873372344 0.046458732332569495 0.08410822703874636
1 0.36892018626413225 0.3324665413701607 0.048911585106111134 0.08886392319868044
1 0.33906772568305577 0.25906614528936894 0.051364437879652856 0.09361961935861451
1 0.24640940662885447 0.3422854737400411 0.04564111474138901 0.082522994985435
1 0.18287227706982662 0.26595630595163705 0.04578658510611122 0.08877299498543509
1 0.11374041736243076 0.25155047664303504 0.052491179995868144 0.10848610141192579
1 0.0982628473582989 0.3591045638691958 0.053617268901701466 0.0897815655185484