1 0.1288282891345831 0.27108868393961305 0.052617813354618105 0.07920168667008758
1 0.21140505300229145 0.24717394008793314 0.04556837955902786 0.07837953005422929
1 0.31347669927881927 0.22470806674775798 0.043842225398715316 0.07133918969514967
1 0.43235398584795115 0.21854844945770702 0.05083710780753492 0.06981759631100797
1 0.5403301400082637 0.2108899646812134 0.04060812262517359 0.06663350897699045
1 0.6553914423449652 0.2344360281093217 0.04527743882958326 0.06587953005422928
1 0.7646391557758332 0.23926845297374846 0.03441267401194459 0.06894089754067201
1 0.83487826738309 0.27557359163562584 0.04872974715020852 0.0799602107723885
1 0.6901638730064233 0.3514053594914109 0.05501611474138901 0.08155907220870695
1 0.5274092998681594 0.3632882568356911 0.049438261967847195 0.07683975595192827
1 0.391962109138715 0.37657457289607804 0.04683993882958344 0.06588862041330898
1 0.26316496191225663 0.3726370275201465 0.050128592989895894 0.07293805113146812