1 0.06167715672576366 0.2703125 0.052781467514930624 0.0859375
1 0.16418390767569419 0.296875 0.05548889342673622 0.1015625
1 0.13240984365548597 0.1515625 0.06117519576343757 0.07734375
1 0.2671472131465276 0.203125 0.04482349715020843 0.0796875
1 0.2827923565732638 0.1015625 0.04498715131052098 0.08671875
1 0.37641245716260396 0.24140625 0.06317410685760425 0.09609375
1 0.41275130708635405 0.15703125 0.04391496058107638 0.07421875
1 0.48264557978777767 0.175 0.052708732332569494 0.0828125
1 0.5511786806614583 0.1171875 0.05025587955902786 0.078125
1 0.6005578187698608 0.278125 0.04634962955902786 0.078125
1 0.659626960296736 0.1234375 0.04934734298989589 0.07265625
1 0.726285823803854 0.21328125 0.06128429853697916 0.08203125
1 0.7950553140202082 0.1453125 0.04634962955902786 0.078125
1 0.894455901976111 0.1375 0.04707632817225686 0.07578125
1 0.8721250006655901 0.22421875 0.04878429853697952 0.08203125