1 0.10169535196834871 0.2943159528238516 0.049705084210759545 0.08502586935861452
1 0.2026265928931624 0.3230296377010145 0.052139737801555695 0.10071906551854841
1 0.167428915396457 0.18062317735531555 0.05824883723582164 0.07668217194503923
1 0.3005323068870048 0.23448762641824344 0.0418607679539809 0.07932979882550102
1 0.312455069085449 0.13563258927122487 0.04189712939029935 0.08557979882550107
1 0.40778172550491565 0.27510191772189707 0.05992042154477702 0.0954776360516619
1 0.44089823165323566 0.19404814601428474 0.04182895169720222 0.07386104882550101
1 0.5097482256031114 0.21323606670568268 0.050468153492600365 0.08192360141192578
1 0.5750459726762452 0.15889555918383533 0.04809713241536144 0.0771679052519918
1 0.626736258584207 0.31662314264907243 0.04340963241536144 0.07703151293212365
1 0.6797698341125636 0.16819165432755495 0.04650736133812252 0.07243494114536908
1 0.7474663942210222 0.2576466109123302 0.058280653492600365 0.08215092194503919
1 0.8127050539601385 0.19314985339048282 0.04419088241536144 0.07705424498543509
1 0.9095391473442802 0.18893737800108906 0.04417724687674216 0.07471049498543506
1 0.8897175267345796 0.2727213446149942 0.046557358313060605 0.08102869114536908