1 0.14897889724608437 0.22906188602004454 0.05124940349260032 0.0810596433402269
1 0.26271414431921813 0.174139123368862 0.0395079275949012 0.0770170333386361
1 0.3789976744716433 0.15439988271799762 0.046552813133520665 0.07944259933959064
1 0.49703914734428023 0.16827257340067875 0.04494940651766246 0.07239316800604519
1 0.6125328580184729 0.2813276514162689 0.04021190954272456 0.06374487400540882
1 0.6575181050916067 0.2256049100890868 0.04180168061996348 0.06845055533895428
1 0.7798652828828997 0.17390714477240424 0.04028917759490121 0.07702612400540883
1 0.8649038790957118 0.28895143678385826 0.04808349687674216 0.07399203067313609
1 0.7328362676593934 0.2811651140992682 0.04574883723582168 0.07552725867281787
1 0.3906714935570924 0.2810896520528158 0.046552813133520665 0.07944259933959064
1 0.5077589996072165 0.26526575206872416 0.048873837235821685 0.07556362133990877
1 0.2744015989432866 0.30317264270368016 0.04416361133812261 0.0716028273392725