1 0.07822297374004113 0.23778582543016086 0.06550063103709695 0.10348861436318471
1 0.1219107892585896 0.18597788573501117 0.05785561559769077 0.08235395774732641
1 0.10602502797581852 0.08764947004396657 0.052136813011266006 0.07372839149054777
1 0.18642793032481642 0.16998018101274684 0.05376750917120008 0.07608123184962738
1 0.250701030483101 0.1086790666495621 0.05126463479802066 0.07059884631100796
1 0.32274952672217727 0.07545295531143952 0.05356292069139794 0.06904998184962738
1 0.3965219958433649 0.11720411807561786 0.05093802586424747 0.08621930113146817
1 0.485567775468536 0.06357005796715927 0.05016513605166182 0.059656801131468165
1 0.5694881344023093 0.07870417857685992 0.05184129631821861 0.06357214149054777
1 0.6327406406705154 0.13301442867505578 0.05617945533113407 0.0784386173882468
1 0.6635791152019793 0.06644000703208285 0.048230563011265916 0.07370566559284872
1 0.7260647433360824 0.09341559748935832 0.05457149122451135 0.07686702702916719
1 0.7918548793877443 0.035853118051068895 0.05298625917119999 0.07170623610213779
1 0.8382632149645526 0.15681450127654623 0.06008570533113407 0.07846134328594587
1 0.9155722095542762 0.2649400977839459 0.07467104255729495 0.09651190651766246
1 0.7361120300873896 0.258172989078102 0.06681307845067223 0.09490395472226432
1 0.6398280634734844 0.23842409134103826 0.05872779381093611 0.08548350292686627
1 0.5892453902748039 0.2855854376520462 0.06460572077054039 0.09957781918364486
1 0.4326149570469937 0.2458785639190876 0.0629295605039836 0.09566247882456533
1 0.4671694649645525 0.15897346155795544 0.04848061559769086 0.08229941559284874
1 0.32006714443143913 0.1676404553114395 0.054131222024181545 0.08858123184962738
1 0.3343078376883793 0.29566091618202395 0.06605456050398359 0.09568065954272456
1 0.2429530634734844 0.2407330425472612 0.06134432845067224 0.09487213846548563