1 0.09115915996977413 0.22538409639736087 0.054906223344999464 0.08750601167848249
1 0.21374323197804648 0.16799279671393 0.04314202001113578 0.08325878087881237
1 0.3382165206476827 0.14973219319043313 0.050200542011454005 0.08580711935861443
1 0.4638432293125464 0.16667330377355896 0.04854713534372675 0.0779491552519918
1 0.5843364479630926 0.2889695040901281 0.04375963800922698 0.06921901293212374
1 0.6342460886378195 0.23102662344874253 0.044595432009863246 0.0739292449854351
1 0.7653693666454555 0.1785728763517364 0.04391417934436319 0.08250026293212373
1 0.8538040632956836 0.3022808124825406 0.05169940734404506 0.08038383346523714
1 0.713260879296638 0.29115779288649934 0.04858349801081765 0.0810741552519918
1 0.3483625852960017 0.28522942399010326 0.050200542011454005 0.08580711935861443
1 0.4735716706317744 0.27089780251991774 0.05248974801081765 0.0811878155185485
1 0.22386202462604735 0.3058337775136001 0.04775679467695406 0.07714517319868044