1 0.14029970572684544 0.22658156888376074 0.05475334765100213 0.08433554757185976
1 0.25734480172849494 0.164532546780437 0.042920937384445426 0.08008831677218967
1 0.3762395542357774 0.1391795426238019 0.05004311559769077 0.0834179052519918
1 0.4985009991420702 0.14891459230723275 0.048253295064577276 0.07555994114536908
1 0.6205926109788372 0.26030307020390897 0.04331574247815269 0.06682979882550102
1 0.665785439033798 0.20112664700522856 0.04501463479802066 0.07156276293212374
1 0.7907566953020042 0.1427565543687914 0.04370218738444542 0.08011104882550106
1 0.8816892353520167 0.2581793143979213 0.051423759171200345 0.07721336935861452
1 0.7447658968722146 0.25512617372740587 0.04834422327782271 0.07868494114536909
1 0.3917545571387713 0.2693073118241318 0.05004311559769068 0.0834179052519918
1 0.5123482019659218 0.248596343560874 0.05225047327782271 0.07879860141192578
1 0.27214675079142286 0.2970267980340783 0.04742658095795473 0.07397470909205772