1 0.06993472921734874 0.20045969602224045 0.06141019867214013 0.08231366801906326
1 0.21183484114464654 0.5209376116056716 0.063118144417414 0.10734094155801373
1 0.345464952580965 0.5170194991859258 0.06706075585373253 0.11365912540538936
1 0.45614337734719596 0.5634871704514 0.06076075887879462 0.10495628124958803
1 0.6079013200674077 0.5325389537295828 0.06458519564707803 0.09096196509696383
1 0.7596547176080797 0.502371987007766 0.07331075585373252 0.11376821956119088
1 0.17110231947823248 0.13581258928453738 0.051385758878794575 0.10479264001588606
1 0.29318185255752394 0.10278367532266393 0.05216700887879462 0.10480627678536121
1 0.41867675624651596 0.15419794520816626 0.05517383421075959 0.08454832386326191
1 0.5889301689124984 0.16732701095375332 0.056041442622015936 0.09940571063273707
1 0.6947125363007453 0.11526172483290129 0.05684541851971492 0.10332559740221225
1 0.7867000484009936 0.15124586363097134 0.06856416851971492 0.10353014894433983