1 0.12242006533854996 0.3452084817514315 0.06023016233702041 0.09409088846548563
1 0.17087911038785575 0.25721812324197935 0.045908563716992166 0.07916532523376904
1 0.2840785397710047 0.2531896742752516 0.04516822402541774 0.08150453005422928
1 0.3045625892845374 0.1736294393023662 0.03894549756436803 0.08303066861791084
1 0.4169631777582959 0.2133418999765589 0.04682618141174384 0.08698237041330889
1 0.44947566882984213 0.19634529751723087 0.03393071509696401 0.06425339754067197
1 0.5080148717519415 0.19356118598271652 0.04253810186643907 0.06508464451560991
1 0.6134290746740408 0.1910497852205907 0.04582674310014116 0.07447782523376914
1 0.6926120142034595 0.16260714353365122 0.0494875312495882 0.06043805113146816
1 0.729172851459402 0.2432804266129426 0.03628810186643925 0.06504828307929138
1 0.8289001160698988 0.22823720959403815 0.047211965096963834 0.06433066559284875
1 0.8664018904196279 0.36281674267332953 0.04643071509696384 0.06432612041330898
1 0.76733709902377 0.32630655005131365 0.040235262174864596 0.06741475897699045
1 0.6501223254848197 0.3240622731203423 0.04109833279171564 0.0721068041565303
1 0.6054058892018119 0.40270035752749356 0.049828450486467446 0.0799693011314682
1 0.5521933400953163 0.3078691256778662 0.041675031249588025 0.060392599336070066
1 0.41643311809849354 0.3172345144379395 0.04346935633066593 0.07368293969514968
1 0.2793206761334428 0.42814422247985345 0.048415954950694215 0.0885539607723885
1 0.4101439821397973 0.44921576746300157 0.04438697402541756 0.08149998487468953