2 0.6852855967930722 0.2421485341594459 0.06353496575597539 0.1433141836450255
2 0.5420858630904084 0.10077007611753189 0.055821754156635 0.11983577702916719
2 0.7432825825408004 0.677822413746137 0.11924305964605378 0.2592437106741926
0 0.8812202224198928 0.23553894409495388 0.10993024412750536 0.20763575887879462
0 0.32540344609342703 0.46849897336361623 0.10748720572684549 0.2310550781606354
0 0.14517535464412407 0.8000722019917899 0.08044132092882483 0.16059713241536144
1 0.13776808762187223 0.1695398194782325 0.07194685932948461 0.1371141806199634
1 0.2091981214036785 0.34180972921734876 0.07116560932948461 0.13710963544042354
1 0.3894897119950516 0.17354502166641406 0.0664326452228619 0.1355198643631847
1 0.3451593873053031 0.046437621002484095 0.038347097651002124 0.0830215782588312
1 0.4995657424781526 0.06272972063314175 0.033477741224511345 0.07674430718159235
0 0.4901191639609734 0.4362853953011768 0.13180289561857333 0.2882181383672897