2 0.6727319366867496 0.2320156736860764 0.06269268912238175 0.14566247882456523
2 0.528007997564368 0.08587595100983117 0.055252336038126515 0.12218407220870701
2 0.7265850085181214 0.6768150892789251 0.11867172808260751 0.26472609621281223
0 0.8734040925309483 0.2269337848278073 0.10994556452777111 0.212336894417414
0 0.30250876014297445 0.458744782686508 0.10644841761202617 0.2357516685197149
0 0.1154174577867727 0.7943408733401751 0.08019383482031053 0.16373122277444097
1 0.11513189650870781 0.15143575585373248 0.07195859496658023 0.139467020979043
1 0.18540130641009625 0.3283891412941561 0.07117734496658024 0.13946247579950324
1 0.37147735389503395 0.15839532474278978 0.06646257142762994 0.13787270472226432
1 0.3271488810874323 0.0354936350476401 0.038672762174864594 0.06740566861791082
1 0.48513865909060955 0.04656801131468149 0.032613676947516976 0.07830680718159236
0 0.4714809025944925 0.4276998366466465 0.13089503855318868 0.29370052390590917