2 0.705817172076253 0.22742095155992997 0.06433700973923262 0.15143651985163203
2 0.5563375491064957 0.0816207551309023 0.05686938311602709 0.12627286569131949
2 0.7606833189887026 0.6841424238245133 0.12271434577735914 0.27462075313413215
0 0.9111768279204515 0.21638861331968676 0.11317965868357263 0.22051448138263902
0 0.3247655896882792 0.47154181278593726 0.10969614853730274 0.24464231240468753
0 0.13161520210472985 0.8238349306614582 0.08261940543716154 0.16982349715020853
1 0.1317699715897857 0.16106217372760406 0.07360291558343128 0.14540472539871532
1 0.2036837021080251 0.3407119997156595 0.07282166558343128 0.14538654160312509
1 0.3959415657455871 0.16116605081808993 0.06809325527500576 0.1429336888295834
1 0.3499005884737585 0.03522571913045125 0.040426176947516976 0.0704514382609025
1 0.5126596870937867 0.04199586388836763 0.0334358372559425 0.08121428561920142
0 0.49841159537032204 0.43467432636930514 0.1349512930174157 0.3045810100679862