2 0.08871267592300354 0.5671875 0.06049315201304486 0.09609375
2 0.4173189339195037 0.59296875 0.059875534014953755 0.11015625
2 0.4469808039465478 0.39375 0.06772439668204484 0.11328125
2 0.40043361529282 0.2984375 0.054988039345954046 0.09296875
2 0.7432409226607275 0.04375 0.057268154678545 0.0875
2 0.8279693639799556 0.14765625 0.05568747334499946 0.0859375
1 0.8075830439608656 0.28828125 0.05948463534372692 0.0765625
1 0.7012592239417754 0.42890625 0.055106218013999356 0.103125
1 0.4539051553150918 0.134375 0.05512439934754489 0.1046875
1 0.1334557479710468 0.21328125 0.05328008867759042 0.08046875
1 0.06394377398950049 0.07734375 0.0510545173456358 0.090625
1 0.12380693328295686 0.37109375 0.05979371801399935 0.103125