2 0.1034513281214678 0.5230173130702778 0.06134432845067219 0.09589503466927099
2 0.4277011703621936 0.5412341041047218 0.06097225541027633 0.10993935087368065
2 0.45999214779665143 0.34374085505465235 0.06889841567683312 0.11402743882958344
2 0.4166489762473236 0.2502824489944788 0.055784650237426806 0.09264274810013892
2 0.7593833601874145 0.018034299868159416 0.05623327962517113 0.03606859973631883
2 0.8412805663764782 0.09206206696690902 0.05636131175762458 0.08562968189572921
1 0.8184842608870596 0.23156097806107567 0.06001750917119999 0.07712685087368065
1 0.710531705397641 0.3730419228745827 0.05608016693047428 0.10279899810013901
1 0.4721130292294598 0.08816300228111071 0.05614836309040818 0.10514274810013893
1 0.15345630595163703 0.1728711894951735 0.05388116943775674 0.08088763050895839
1 0.08703098706787626 0.042036993778593726 0.05247779381093611 0.08407398755718745
1 0.14187864528936892 0.329284843655486 0.060767666930474286 0.10290810087368066