2 0.14540778540736024 0.5436943613144554 0.05730451734563582 0.09127952800763595
2 0.45585493674408734 0.5650853666056846 0.055896558680772125 0.10454259667409041
2 0.479454426718634 0.3772853746021848 0.06374542134786303 0.10775850334181776
2 0.4338686593729982 0.28717854260822995 0.051799404678545005 0.0880908933402269
2 0.7529528246737724 0.04382198761737727 0.053361904678545 0.08764397523475453
2 0.8337857486871354 0.14109968988705063 0.05249883867759024 0.08106873400699968
1 0.8173533213717254 0.27334002522282325 0.05553293200986324 0.07329259667409058
1 0.7196799847230884 0.407307039902959 0.05190849267981754 0.0974658933402269
1 0.4805152980187719 0.13270867126832117 0.05192667401336308 0.09902839334022695
1 0.17981641136218052 0.21043641864259205 0.05010054467695406 0.07635396200668154
1 0.11113804201145402 0.08309321598504614 0.04786588267822674 0.08570169000636334
1 0.17451238804899777 0.3589557346435465 0.055814742679817585 0.09751134667409059