1 0.88046875 0.49983777408188085 0.06796875 0.11604018863808677
1 0.640625 0.41785903371529926 0.0625 0.11588106426490725
1 0.4515625 0.35610787681395484 0.04296875 0.07468776293212373
1 0.2734375 0.36108121865896925 0.0515625 0.06712531551854842
1 0.0421875 0.6988837808788124 0.084375 0.10245506175762475
1 0.240625 0.3062202224198929 0.04375 0.08096049498543509
1 0.36953125 0.2826272612162641 0.03828125 0.06361387061225568
1 0.49921875 0.3168695320659466 0.034375 0.07131271034569897
1 0.8359375 0.4094795470431344 0.03515625 0.07446044239901024
1 0.72734375 0.3953822916328581 0.03984375 0.06209683471887839
1 0.240625 0.19293897241989288 0.034375 0.06350021034569897
1 0.34140625 0.2450901572970558 0.034375 0.05568771034569906