1 0.8409083637740096 0.45643947764621495 0.06556643354682948 0.12459599990180407
1 0.7009105985505031 0.5634338453290493 0.05777211426498887 0.1276755481064061
1 0.4304764204646226 0.8095083728491959 0.07739426785578499 0.14341417759490122
1 0.22517077604720853 0.7020675358097659 0.05704540641946654 0.13704600292686636
1 0.3109764658405541 0.6799112555591449 0.04979144262201594 0.09872384631100797
1 0.021232709790429887 0.6954124939498758 0.03534312324197929 0.16660623789975162
1 0.055357724915740404 0.6526437318496274 0.04830166549465287 0.11121475595192827
1 0.35691515885535346 0.5192464663315335 0.048038045081343926 0.06590225595192827
1 0.4782634389095827 0.5637009691602037 0.050495424569839284 0.08544714149054773
1 0.44424244203284075 0.49006802643999203 0.039476111338122524 0.07132100897699037
1 0.13757935157556528 0.5515630208808471 0.04347326492891881 0.08696873487468934
1 0.16675324628756685 0.46345448770335984 0.031577252926866264 0.056431807181592394
1 0.10499813485124838 0.45684541851971494 0.02772554508134393 0.06578408128389342
1 0.4821237162333375 0.4215407402374426 0.02846134328594587 0.05797612646343318
1 0.5609981499765588 0.4165310533709633 0.023019864363184796 0.0626318102066545
1 0.5834725927949665 0.38541286357761784 0.02450964149054773 0.0501409005657341
1 0.6090356741770557 0.34806285450243146 0.02371930113146803 0.048573855386194256
1 0.30416234269677067 0.44862943930236626 0.027671002926866174 0.056409081283893416
1 0.4380146470496927 0.35956746018321334 0.025272710772388508 0.047020445745273955
1 0.9596351169954633 0.31885364011580564 0.02607214149054755 0.05014999092481372
1 0.8752101200205255 0.30976901072550633 0.032403954722264317 0.06424885236113216
1 0.12238964704969266 0.3577312076491306 0.02763464149054773 0.05015908128389333
1 0.9765458819243822 0.9027589239806642 0.04690823615123563 0.19448215203867178
1 0.5731719388113868 0.6290946858845207 0.05919371369925486 0.10346588846548563
1 0.6051208546988232 0.4808480834251926 0.03710054508134384 0.06583862343837091
1 0.7416355925003789 0.5808576946651194 0.05061814441741408 0.1065408914905479
1 0.6632237253085238 0.3968139718906783 0.030768731849627428 0.05173976200205264
1 0.6315242734149299 0.45365886952954615 0.03159543364502539 0.0595568071815924