1 0.9179777888502427 0.4803400527927669 0.07467530452090294 0.12114884134309048
1 0.6666893522048608 0.39848842675840485 0.06920655452090294 0.12108520667568143
1 0.4688525706697219 0.3367953067313606 0.04711269576343753 0.07787100867281786
1 0.27955368132704833 0.3447516153723619 0.05630585780753474 0.07016759667409059
1 0.03616735723885389 0.7051965773392725 0.07233471447770778 0.107268154678545
1 0.24648791460954836 0.288101626034362 0.04883884992375007 0.08492044000636341
1 0.38309821504638863 0.26077715205281576 0.04215243882958344 0.06609771467218159
1 0.5198526794271873 0.2944083594048149 0.03766496058107656 0.07463692067154523
1 0.8732848443210761 0.38604461278640356 0.03930019576343753 0.0777801020050907
1 0.7587138512549302 0.3729895347708134 0.04367857123840295 0.06455339600572696
1 0.249270035334861 0.16857037603436206 0.03746493882958344 0.06604317067154523
1 0.35510115482590254 0.221378297382225 0.037283100873680655 0.058230670671545234