1 0.84296875 0.46393282426370847 0.065625 0.1261454886359143
1 0.7 0.5700310454497522 0.0578125 0.12991537094116268
1 0.425 0.8160121525944926 0.078125 0.145894926947517
1 0.2171875 0.7053535219140972 0.05703125 0.13927673417168726
1 0.3046875 0.6842245900953163 0.05 0.10009150324641088
1 0.0140625 0.6955579618505531 0.028125 0.1684596737011061
1 0.04609375 0.6531483193990351 0.04765625 0.11333184293798534
1 0.3515625 0.5217615462638265 0.04765625 0.06723809293798536
1 0.47421875 0.5676525190714281 0.05078125 0.08682389001588611
1 0.440625 0.49362863798399587 0.0390625 0.07255683847375849
1 0.1296875 0.5514824537328782 0.04375 0.08826365909060954
1 0.16015625 0.46295178774240986 0.03125 0.057576720779006864
1 0.096875 0.4555972094149211 0.028125 0.06689717370110611
1 0.4796875 0.42399797645775433 0.02890625 0.05909831047058134
1 0.559375 0.4199201769442217 0.02265625 0.06367671631478
1 0.58203125 0.3890656432590016 0.02421875 0.05120398985373029
1 0.60859375 0.35124804342115745 0.0234375 0.04884660308425506
1 0.29921875 0.4497541327089901 0.028125 0.05752217370110611
1 0.434375 0.3607070438281945 0.025 0.047311376623205434
1 0.96328125 0.3261891367628846 0.0265625 0.05124490016215581
1 0.878125 0.31532772889009103 0.03203125 0.06540285754848192
1 0.115625 0.35514324188232516 0.028125 0.05127217370110611
1 0.97734375 0.909894566149329 0.0453125 0.18021086770134218
1 0.5703125 0.6357360917168741 0.059375 0.10494264448011296
1 0.603125 0.48552758603483126 0.0375 0.0670608149348082
1 0.740625 0.5879276574624612 0.05078125 0.1086988900158861
1 0.6625 0.4014077305149441 0.03046875 0.05287558400953163
1 0.63046875 0.4586611229664621 0.03125 0.06070172077900686