1 0.922297882598685 0.49538157670670707 0.07327496268299924 0.12073065651766246
1 0.6693097899427298 0.41795251005714495 0.06780621268299925 0.12069884026088377
1 0.47156318061745683 0.35973198566025644 0.04621247601049951 0.0776073704133089
1 0.2823825019494114 0.3709881691088901 0.05549656934277234 0.06984941256778665
1 0.039575248120240776 0.7364642199457707 0.07915049624048155 0.10597326492891881
1 0.24866202995704745 0.3149381570086417 0.0478567920114541 0.0846477107723885
1 0.38493588462763817 0.285241045768715 0.04138861600890866 0.06586134933607006
1 0.5220631672899565 0.31647234416970865 0.03680111334340861 0.07442782825883124
1 0.8765137626114117 0.40190428747909557 0.03839997601049951 0.07756191861791084
1 0.7618063726130024 0.3908536788714475 0.0429329346753633 0.06430793969514977
1 0.24927165197327397 0.19541145218818154 0.036701116008908664 0.06583407825883118
1 0.35570291796627423 0.24635126259122772 0.03661020934118149 0.05802157825883123