1 0.8773423810907275 0.4528059384186035 0.06702563311602745 0.12537724990180407
1 0.734040620133679 0.560577010921898 0.05926768019392785 0.12845679810640612
1 0.45625299067109976 0.808204948082965 0.07986655235290652 0.14498122277444098
1 0.25187122808919804 0.6999737706844554 0.05865007142762994 0.13782725292686634
1 0.338985444403978 0.6778220356133742 0.05095061972334651 0.09950509631100797
1 0.032767597404683706 0.6931914637974506 0.06553519480936741 0.16762838241536143
1 0.08240420779665857 0.650545421544777 0.049606308034949295 0.11199600595192827
1 0.3886832556853382 0.5163759963857627 0.04881537540538945 0.06668350595192826
1 0.5097945965947286 0.5608350443939729 0.05150004464226861 0.08622839149054773
1 0.47749633969486976 0.48642085167376103 0.04030344602224041 0.07132100897699054
1 0.16701676136738103 0.5479022105759969 0.04527731818121907 0.08775453005422928
1 0.19902646631807522 0.4597982225780493 0.0322454841716874 0.05721305718159222
1 0.13663556047387657 0.45318460821486467 0.02928412540538945 0.06656987646343318
1 0.5169912621781598 0.41711231547121175 0.029929007710637733 0.058761921642972934
1 0.5967742195644861 0.41210717378427225 0.02376082832748878 0.06341306020665449
1 0.6199759403434929 0.38098898399092673 0.025091503246410872 0.0501409005657341
1 0.6464117552783011 0.34363897491574036 0.024282979707460583 0.048573855386194256
1 0.02480771631807522 0.458784647540672 0.02995628124958809 0.060324421642972935
1 0.33759408847705374 0.4441964693565955 0.029120484171687444 0.05719487646343317
1 0.4735509537361735 0.35435324023744263 0.025818206168510115 0.047020445745273955
1 0.9899668863657333 0.31204055873371644 0.010247753246410696 0.05005454215447767
1 0.9158708672910099 0.30457751667743466 0.03316310186643889 0.06503010236113216
1 0.1563634537361735 0.35250789734428023 0.028997753246410872 0.05016362646343318
1 0.6039616079588143 0.6270145562978297 0.061188690340197735 0.10425168364502539
1 0.6393923676980469 0.47720545383850155 0.038659125405389363 0.06662441861791084
1 0.7743792479747004 0.5772196102579681 0.05186823741809832 0.10732214149054772
1 0.6994725255708405 0.39239009230398725 0.031368776785361166 0.05173976200205255
1 0.6672270413991531 0.4492395351223949 0.032300031249588024 0.060338057181592394