2 0.5503053113578479 0.7515625 0.050074694813507035 0.10390625
2 0.6222854948690977 0.5546875 0.03662913744281262 0.06328125
2 0.5672349721676742 0.57265625 0.03432175503399311 0.06484375
2 0.5212522845723617 0.678125 0.044841680945798504 0.08046875
2 0.47346744158246584 0.60546875 0.04378767401194459 0.06875
2 0.4293732558870144 0.6578125 0.04073540919430556 0.071875
2 0.2693637826725006 0.73125 0.03924564437666671 0.075
2 0.09708873916951449 0.7140625 0.041953070288472304 0.090625
2 0.3653451638470491 0.55859375 0.03448540919430556 0.071875
2 0.3346426373459034 0.6828125 0.04226154160312508 0.0703125
0 0.4102037221676741 0.57265625 0.036756424011944414 0.06875
1 0.32446559070878517 0.54765625 0.047021776785486136 0.0734375
1 0.03755008500920198 0.70703125 0.039772974448784804 0.09765625
1 0.6020717523716327 0.96171875 0.0603757619678472 0.0765625
1 0.3769204031134728 0.653125 0.04471439437666671 0.075