2 0.5539208502382907 0.7680094914067238 0.05110062418757337 0.10838521200668154
2 0.6292815401747466 0.5658026487507689 0.0378642386359143 0.06605226133831792
2 0.5717826858726754 0.5830986894095874 0.03554776217486459 0.06758748933799978
2 0.5236918335991992 0.6918918867361331 0.04597674756436802 0.08333066800604527
2 0.4747128169601078 0.615556106062997 0.04499094602224041 0.0716028273392725
2 0.42958727759284476 0.6704885067234064 0.041139243100140985 0.07468237400540882
2 0.26294129423193635 0.7443152633672712 0.040426176947516976 0.07857953333863606
2 0.08527026176453223 0.7235016820098632 0.04304266233702041 0.09423180533895419
2 0.36372472402212236 0.5666180720480433 0.035670493100141164 0.07461873933799978
2 0.33080490421605024 0.6943339920432707 0.043455719561190785 0.07314714600572714
0 0.4092826858726754 0.5812078307208612 0.037959696022240405 0.07152101133831792
1 0.32133267247999486 0.5544084260423162 0.048197766639091456 0.07632669000636341
1 0.027321394069780534 0.7150164726686817 0.031460280031772106 0.10190794533736351
1 0.6052044809186861 0.972974203204555 0.0612062812495882 0.05405159359088998
1 0.3755855702065186 0.6643925007160887 0.04589492694751698 0.07864316800604527