2 0.560734982773677 0.794699260741542 0.04965564934754489 0.10525112133990877
2 0.6357787940801781 0.5979429867520415 0.03589259400859053 0.06369033000477256
2 0.5797378794159507 0.6152572087444055 0.034357366008908666 0.06601589867122719
2 0.532536710097041 0.7209435874044967 0.04468633867759042 0.0809778273392725
2 0.4848071874204051 0.6469606473981334 0.04298747867599957 0.06924089600572696
2 0.4401128527609502 0.6995583887253154 0.03989884134309048 0.07232953333863605
2 0.27847646610435883 0.7718862800365892 0.03838179467695406 0.0762176020050905
2 0.10482988076858621 0.7518994020130448 0.0409073580124085 0.09186987400540883
2 0.3772395880808145 0.5996214760502705 0.034430091343090476 0.0722658986712272
2 0.3443100040976773 0.7234402367122706 0.04222441000954502 0.07079430533895419
0 0.4219253794159507 0.6134208940563155 0.03595622867599957 0.06915908000477237
1 0.3364782280792237 0.5874300113780888 0.04695736334340861 0.07475509933959064
1 0.04537306476763172 0.744177261338318 0.03863633334659029 0.09809260200509069
1 0.6098462867997666 0.9837800253719642 0.05904828333863606 0.03243994925607154
1 0.38771455876031385 0.6942618140515431 0.044631794676954065 0.0762903273392725