1 0.06835210772388532 0.46836820491865605 0.08277211426498884 0.1278209938516799
1 0.036896012002052544 0.030456250756265523 0.06519827400410509 0.060912501512531046
2 0.26901816559284875 0.04540742788948886 0.06616133118569749 0.09081485577897772
2 0.03631124648395857 0.33261251210024845 0.060011325135573244 0.10972043364502548
2 0.2334175297596417 0.23693133167667674 0.058471551033272284 0.11361759328594587
2 0.0882661945669235 0.8026386657892404 0.05929370764913058 0.12065338846548564
2 0.02160139021400153 0.8928733012296639 0.03293119554888215 0.154873852361132
2 0.3594059172431687 0.9432535336684665 0.07798007513557322 0.10982497277444096
2 0.5626712969280556 0.8319109918085765 0.0742874485739442 0.14652099687674217
2 0.5067343934354553 0.7517649495559029 0.07096246067419258 0.11212781615858276
2 0.4852759873105764 0.42062857904439815 0.06792836426498887 0.12773463544042354
2 0.4686237767345796 0.24415698263519428 0.06572551483072289 0.1519397499018041
2 0.6623555960164204 0.2399047781093217 0.061614731751431506 0.11676077400410509
2 0.7576499152982612 0.236225266205465 0.06564370159900648 0.13787724990180408
2 0.8369556202169172 0.1701366578924045 0.05363406010845857 0.087809072208707
2 0.8370414577473264 0.050600862712864715 0.052880081185697494 0.09249202702916721
2 0.9167390898681003 0.3204588447588838 0.0771988251355733 0.1098204275949013
2 0.9575878454272452 0.6272628357818935 0.075027791958086 0.13949429205628192
0 0.13465031517662415 0.717990955016852 0.06324995462406849 0.1292698643631848
2 0.25364016793053973 0.48994724736772144 0.08052835821486468 0.1449948583130606