1 0.10542334355857678 0.46741878327568315 0.08176110590767371 0.12311531313352067
1 0.06727907218833337 0.037202420960354296 0.06422746058107645 0.07440484192070859
2 0.2926245643045487 0.05158811390150677 0.06571787860909736 0.10317622780301354
2 0.07189971589941 0.3363460452777357 0.06028549620027786 0.10658634328594588
2 0.2611966456109377 0.2446074762904825 0.058014481382639004 0.10969770774732641
2 0.13013893493295203 0.7907562893258073 0.05895938554295146 0.11673350292686617
2 0.05170677003906323 0.8787244428184078 0.06521003875333346 0.15035906918364503
2 0.39522168711715355 0.9337649041799715 0.07774575313413194 0.11840508723582133
2 0.5894600367565632 0.8193382689359396 0.07438501700184048 0.14181986133812252
2 0.5345348409931256 0.7423035911446465 0.07047811379145834 0.10820793061996348
2 0.5075300510055212 0.4213234706331418 0.06769860590767376 0.12303349990180408
2 0.4887404173624308 0.25187857904439814 0.06591855357097245 0.1472386143631847
2 0.6753682483844793 0.24688603113438382 0.06121221656499998 0.11284088846548564
2 0.7682642632021183 0.24322015476914655 0.06559124525034736 0.13317611436318472
2 0.8433538757593058 0.1794934771742453 0.05352634992375016 0.08467498184962738
2 0.8414439240119446 0.06386393199470548 0.05285420269729144 0.08935793667008758
2 0.9233167455346877 0.325141799579344 0.07669174620027804 0.10668179205628184
2 0.9651080947702173 0.6217986309614332 0.06978381045956539 0.13557440651766228
0 0.1735603201915631 0.7092426689124984 0.06384690729444453 0.1253545240041051
2 0.28483873983510455 0.48825293716106694 0.08059864941065982 0.14029372277444097