1 0.06255980327023017 0.4636573510556602 0.08351302868395376 0.12877561079489297
1 0.038726145329409274 0.028652981229730527 0.06550736867440873 0.057305962459461054
2 0.27135683199395483 0.04244482427029899 0.06666133601209037 0.08488964854059798
2 0.03289157928868387 0.32826532183466706 0.06064769334818113 0.11041139448011297
2 0.23163870930141056 0.23106521915744901 0.05913064668204475 0.1142903709411626
2 0.07663774789150499 0.7977187053577314 0.059993712682999245 0.12133525771063773
2 0.012460353278184354 0.8895437410715463 0.02492070655636871 0.15528751785690745
2 0.34527756520532404 0.9367503831193226 0.07866189668204475 0.11463129017804193
2 0.5497025305538233 0.8214860730557783 0.07513745468649909 0.14737560633066593
2 0.495942278564641 0.7427531469190403 0.0716124653484993 0.11294605925276535
2 0.480274561943048 0.41106281615591944 0.06866927868395364 0.1285165121748646
2 0.4666949619669106 0.2355543015454228 0.06660733935390813 0.15269435186643907
2 0.6604904153007742 0.2282661327155807 0.06229200934913557 0.11746991801906326
2 0.7558392779678651 0.22347744683960996 0.06644370735199914 0.13863185186643906
2 0.8362903939767736 0.1564614963531426 0.05414315467854465 0.08842730032431154
2 0.8376812659930003 0.041740414065280396 0.05341644867918127 0.08348082813056079
2 0.9134421452896383 0.30586543263615046 0.07783519334818116 0.1107114034085667
2 0.9489229225811858 0.6129960941623919 0.07583688868554432 0.140357993100141
0 0.12449453990295903 0.7125254991892211 0.06399996001749919 0.12999719155801354
2 0.24745242393382122 0.48308168669004486 0.08136927335295371 0.14592220048646745