1 0.547837015419898 0.2534806334778724 0.07263859016268803 0.1333413489046434
1 0.4185000151253105 0.05515313057487854 0.05831246974937905 0.0876196719450392
1 0.5911148376286051 0.20160589640999613 0.0474522378015557 0.10058267319868044
2 0.24292277732375478 0.14927990063313826 0.07101245764913058 0.12235838479802061
2 0.33895743998973726 0.16223219319043314 0.07118971965118312 0.15282713479802065
2 0.3114778554843901 0.05047633927122489 0.06141928903121974 0.08458560015828456
2 0.7895103892510525 0.4832065520576993 0.0750187015990063 0.13965954506457728
2 0.8364591538853837 0.20327501114975707 0.059943147442476176 0.0993838860516619
2 0.9558444372592628 0.36615074735970354 0.0584670058537327 0.11418217194503918
2 0.48513650663929936 0.42043480126627647 0.09158403288289971 0.16748066818411544
2 0.058546250368234486 0.6853441181049733 0.11709250073646897 0.3980092541566352