1 0.5519523436787293 0.20478048711418467 0.07421472570130731 0.134020996876742
1 0.42017614461380576 0.02588280659241717 0.05886646077238851 0.04721588846548567
1 0.5960159610669761 0.15112876716841397 0.048247123340175155 0.10183975595192836
2 0.2408017411212054 0.10531071047780094 0.07180734318774995 0.12306986133812262
2 0.3383943586076481 0.11681635792027704 0.07198460518980258 0.1535386113381226
2 0.31081023497288535 0.023683981456843927 0.06275453005422929 0.04411361436318471
2 0.7975092416121848 0.4327792638487643 0.07659938231716552 0.14106588241536144
2 0.8460477773237548 0.14711447462115282 0.0607334878015557 0.09956872882456529
2 0.9662006751590144 0.30953772744982316 0.05925734621281222 0.11440338846548563
2 0.48767115417997137 0.3762873275714601 0.09316471360105893 0.1685050811856975
2 0.05649098904880058 0.6558050932859458 0.11298197809760116 0.40301643657189173