1 0.5597402686982713 0.23605321301188376 0.07181246001749919 0.12931531615858277
1 0.429397146005727 0.044682803567355066 0.05723179201145392 0.08470225292686624
1 0.6013277846912717 0.1847361527070334 0.04723008334659014 0.09792441559284874
2 0.2586493886855446 0.1405578640685971 0.07012269068268111 0.1183687257995032
2 0.35329881735359 0.151264080792914 0.07046813602004454 0.1480562257995032
2 0.3254727146721816 0.04251579468856049 0.06032042934436319 0.08159543364502547
2 0.7997765647278609 0.4554036975919856 0.074228935351681 0.13557895169720222
2 0.8418891500238626 0.1806673180052945 0.05893065201304495 0.09643009328594583
2 0.960894783378407 0.33759909493626583 0.05831303401495376 0.11048804810640603
2 0.5007299900540885 0.40132368900777865 0.09094426802195361 0.16223690046753808
2 0.07575945142422309 0.6699266806199634 0.14043738005249756 0.3875096112399268