2 0.40656011397040126 0.32893884658813805 0.1039249515990063 0.1393000535707225
2 0.5647827218906782 0.6707287004831721 0.21296465007475476 0.35211942775829586
2 0.2511020169720223 0.7308717191541537 0.22780840007475475 0.35237852637832406
2 0.7975719751121322 0.5365248445562478 0.12169423458010194 0.23960006249917623
2 0.964560197159609 0.2816715235323598 0.07087960568078203 0.18875458279171564
2 0.9539903358214865 0.11508799552918254 0.09201932835702706 0.14067163879807004
2 0.4997010599120669 0.22588775892515844 0.08273120764913067 0.12174436079489288
2 0.6333816892041704 0.37742475973593737 0.11181926483072288 0.15349892126547413
0 0.10036868042357164 0.19938811972334658 0.13884082796424363 0.2328688214276299
1 0.8348845809893056 0.23642543303000635 0.09385051483072289 0.1531852755675452
1 0.22635848780155574 0.10315977637832412 0.059943147442476086 0.09869264448011292
2 0.3471118702169172 0.1810410888775003 0.05764030405833438 0.10568298417168745