2 0.39381620307854137 0.32813989727882065 0.10630716422829875 0.13791871801399935
2 0.5406483033835411 0.6638399452578216 0.21822985524208355 0.3493203893618624
2 0.227420298349548 0.7323108713001378 0.23307360524208365 0.3494931120305441
2 0.7766611514074301 0.5236309265595503 0.12502275626826426 0.23732837201622664
2 0.9545004363610415 0.26538097986955145 0.08247092714607654 0.1876278166772723
2 0.9466184672305902 0.1006735898711423 0.09774978181947916 0.1393812206794994
2 0.48920339789204836 0.2231518579328667 0.0840321207253126 0.1204766793443632
2 0.6177797267298956 0.37005303524827665 0.11442878875333343 0.1512908746817266
0 0.09276480898621511 0.2090199166534097 0.14204660210795156 0.23049711668522638
1 0.8219067951185067 0.223966733887687 0.09646003875333342 0.15108178934595395
1 0.2208372172305902 0.10911881930300141 0.060866724448784826 0.09833805000795418
2 0.3386228228539235 0.18272794728677486 0.05866844481350704 0.104560778007636