2 0.4281860834905905 0.3480641320275698 0.10712478181947933 0.14069969481350703
2 0.592364218367952 0.6923258911456255 0.21986509042444471 0.35492780860496537
2 0.27904790719753536 0.7506228215227433 0.2347088404244447 0.3552733007211808
2 0.8243019365484727 0.5595179636182992 0.12663980765503488 0.24109973831649328
2 0.9750290720219358 0.3038888255098967 0.049941855956128475 0.18953593189572918
2 0.9632090047254254 0.13646493616722305 0.07358199054914927 0.14157121058107647
2 0.5194994548814933 0.2455586874984032 0.08484973831649309 0.12300304853697926
2 0.6565844936348266 0.3986681165443408 0.11524640634451408 0.1541627827694098
0 0.11826360999173628 0.2166991503605904 0.14366365349472243 0.23446853181947933
1 0.8563273076550348 0.2580834033978132 0.09727765634451409 0.15374455547083343
1 0.24329801795177092 0.12044435904180575 0.06166615824437507 0.09981946846486114
2 0.3661555961240279 0.19904409735829892 0.059486062404687526 0.10679616707809032