1 0.4523314821397973 0.45463432183137176 0.055651756492821745 0.10094093709378668
1 0.6749023628234877 0.18516512174864622 0.044096647726523844 0.11011138555165915
1 0.8667740373353727 0.3494027199616373 0.04209777110331814 0.08508411201270878
2 0.6006739301939279 0.13857076541798022 0.03980856818121907 0.08816820170428334
2 0.5005375624991762 0.12901275892515846 0.029243215096963836 0.0645534237011061
2 0.39471425649282177 0.10685929504601051 0.041688668019063256 0.061646612012708824
2 0.4203881866867496 0.2353933981302656 0.04549550649282175 0.10076365909060954
2 0.3171131822225227 0.22499959455954316 0.05489778003177204 0.10248980032431163
2 0.5037554346548594 0.6265735515388322 0.08840180113509036 0.18742390787279356
2 0.30813106330665974 0.7395296988616142 0.16579218993316047 0.280934174511885
2 0.06702264244492745 0.93046875 0.10398984496658026 0.1390625
2 0.713615629866321 0.5685367292971282 0.12876374837514692 0.21780688311602708
2 0.5742962110364789 0.3724139314084486 0.054925053570722505 0.10405230032431163
2 0.7702830466708636 0.19073505762461693 0.04223413879807012 0.09289661201270882
2 0.18903223578994993 0.8069608863624381 0.062365406654977563 0.12761253124958785