1 0.418650589287083 0.4481115864418683 0.056233775835555735 0.10094093709378668
1 0.6523586677436805 0.1786423863591428 0.044733231382639 0.1101113855516592
1 0.8376753058520829 0.3428799845721339 0.04258884992375016 0.08508411201270887
2 0.5799758278879166 0.13204803002847681 0.04031783510611113 0.08816820170428334
2 0.48013948204822904 0.12327127353565506 0.02961607123840295 0.0645534237011061
2 0.3751435107335763 0.10111780965650712 0.042043336056041714 0.061646612012708865
2 0.39639830205236093 0.22888429951023737 0.046077525835555556 0.10076365909060954
2 0.292692073803854 0.21847685917003976 0.05548889342673622 0.10248980032431154
2 0.463105838052812 0.6200508161493289 0.08948399335048621 0.18742390787279356
2 0.2627402025098605 0.7330069634721109 0.16741093123013914 0.280934174511885
2 0.033022213812117694 0.92734375 0.06604442762423539 0.1453125
2 0.675479857904444 0.5620139939076247 0.13001872758291685 0.21780688311602708
2 0.544051939210833 0.36589119601894515 0.0555252610179167 0.10405230032431154
2 0.747580248765729 0.18421232223511352 0.04277068787965277 0.09289661201270887
2 0.1408093447023257 0.8004381509729346 0.06310202488562511 0.12761253124958785