1 0.41482030939686065 0.4655870759211401 0.05666871801399935 0.10344770774732641
1 0.6459044880251351 0.1814110220591975 0.04428689668204484 0.11353123487468948
1 0.8431533000477252 0.3466809771742453 0.04320565467854465 0.08774543969514967
2 0.569577798018772 0.13497690447455896 0.04011701734563573 0.09085225897699045
2 0.46637098201781735 0.12854561817381374 0.029678956675681434 0.06657442164297293
2 0.35753178401495384 0.10808364812984717 0.04292384400859053 0.06352668969514967
2 0.38327776603277125 0.23919274756411307 0.04651246801399935 0.1033886204133089
2 0.2769277686982713 0.23121714198152707 0.05590564934754481 0.10500566256778665
2 0.4668838907542687 0.6426399344305924 0.08973630402608972 0.19269656010845856
2 0.26437760343726796 0.7641387262904825 0.16975161537236189 0.2884681232419794
2 0.038379819462084984 0.9482784187161066 0.05588746801399935 0.10344316256778682
2 0.6841072060789054 0.5773093293389857 0.131497090030226 0.2234062046240684
2 0.5411459047183158 0.3773462116561513 0.05593292134786303 0.10734941256778666
2 0.7443874413589988 0.1847445794371816 0.043296561346272175 0.09555793969514967
2 0.1409951947803584 0.836736409837312 0.06324598201781736 0.13160906918364504