1 0.19419646935659554 0.34866714529089177 0.03794997277444105 0.0779983149348082
1 0.29270669222923246 0.36288537824476325 0.03320338544042354 0.06776024431795716
1 0.3763868006404888 0.3791882625786064 0.03408462939029935 0.08496138108743238
1 0.5249470204880637 0.4028729987788887 0.03804996672431678 0.0951858149348082
2 0.07899819535249043 0.28572504017804184 0.05765393959695382 0.10802673417168744
2 0.2861935926967707 0.45182514731948675 0.04820621672431695 0.09536309293798553
2 0.23726170988862574 0.6345461440730759 0.042646563133520665 0.07964263555165907
2 0.40712371623333754 0.42581384658813803 0.044309057083396476 0.09685740909060954
2 0.5678748638722053 0.3965917711000231 0.03887212334017516 0.10223070170428335
2 0.6351623578220812 0.4149520332748877 0.04115678600615773 0.09211536201270878
2 0.7293118127407372 0.35097708238138325 0.04662553600615773 0.09221081939903505
0 0.45391235782208117 0.41178830275664824 0.05287553600615773 0.0923199135548364