1 0.22543477459328026 0.3294476472460844 0.037155087235821685 0.07521362343837099
1 0.31989784690018314 0.3417163639704012 0.032408499901804166 0.06503010236113216
1 0.40105694330938696 0.3578140626425414 0.03328519867214012 0.08144089754067192
1 0.5439120638208917 0.3781770804983264 0.03725053600615773 0.09161987343837108
2 0.11483816305876596 0.27020848175143153 0.05528746369925477 0.10344316256778666
2 0.31236208197126436 0.428394207354543 0.046625536006157556 0.09167441559284875
2 0.26367407621572775 0.6054607014026147 0.0418516775949012 0.07680339451560983
2 0.4304899132551577 0.4017367794650541 0.042728376365237256 0.09321418969514976
2 0.5861359252572103 0.3721725201934761 0.03807269262201594 0.09865566861791084
2 0.6508842264868742 0.38895602009528024 0.039576105287998334 0.08850850897699036
2 0.7426586360295987 0.3262065561014379 0.04504485528799833 0.08854032523376905
0 0.4758842264868742 0.387937899878363 0.051294855287998334 0.08857668667008758