1 0.21884364337999784 0.34875054378732656 0.03680111334340861 0.07505520459715279
1 0.3127300033815887 0.36265134925815995 0.03199543467536321 0.06478985182361115
1 0.3925811353834977 0.3785685964083684 0.03296758867759042 0.08121428561920138
1 0.5342237427195885 0.4021723634102088 0.03699201734563573 0.09146145459715278
2 0.10878684337204367 0.2876110624046876 0.0550880366804539 0.10281718189572916
2 0.3066896360598154 0.4476439450978475 0.04636701734563582 0.09167966014423605
2 0.26106060475013254 0.6207534835668405 0.04150679467695406 0.07672680737069441
2 0.4219964627227702 0.4229913968452087 0.04247894867918127 0.09315124116628475
2 0.5747669267186339 0.3960866707809032 0.037845992679817544 0.09772963839274311
2 0.6398015807208612 0.4140021758148964 0.039290314011772055 0.08760975598392359
2 0.7289180773790433 0.35359331230777835 0.045540314011772234 0.0877552263486459
0 0.4663640807208612 0.4099653731938545 0.051009064011772055 0.08788251291777786