2 0.056329626631138 0.67421875 0.112659253262276 0.3015625
2 0.3062467159452752 0.403125 0.029615322008272393 0.0609375
2 0.3936376279440026 0.4125 0.03531133867759042 0.08046875
2 0.5415216919557748 0.32578125 0.03280395667568144 0.06640625
2 0.10368478994272992 0.421875 0.01600680800445433 0.0328125
2 0.43076545794877513 0.37734375 0.013608514003817972 0.028125
2 0.48076545794877507 0.37734375 0.01918635200509069 0.0375
2 0.641221699952275 0.3515625 0.021366470003181703 0.0234375
2 0.7074370459500476 0.36796875 0.032685778007635946 0.05625
2 0.9104716866247745 0.30859375 0.1758839840467708 0.34453125
1 0.7369432799570474 0.31640625 0.01606135200509069 0.0375
2 0.1912938779440026 0.4125 0.011428396005727048 0.0421875