2 0.03922928449270369 0.59140625 0.05925404342445271 0.12734375
2 0.062024081977641456 0.4203125 0.04248355478853842 0.06171875
2 0.09889679058178365 0.384375 0.029683545860084683 0.04453125
2 0.14890074472169895 0.33984375 0.026326720779006774 0.03125
2 0.17768999228606697 0.42265625 0.03983979586008468 0.04453125
2 0.2155115462638265 0.3515625 0.029628998782184012 0.04140625
2 0.2724587958567894 0.52578125 0.12247679220663672 0.16875
2 0.27398256533855 0.34453125 0.02625853693163096 0.02734375
2 0.364071777189103 0.35859375 0.01832330600635439 0.0203125
2 0.3879320170428333 0.3828125 0.02950626785690753 0.034375
2 0.43360875567874757 0.4484375 0.045608554788538494 0.06171875
2 0.5373377276755704 0.43828125 0.0664119784896446 0.08984375
2 0.5006092950460105 0.39296875 0.024282979707460583 0.0484375
2 0.4346570125786064 0.37421875 0.018391489853730292 0.02421875
2 0.5802052917995997 0.34296875 0.029451720779006863 0.03125
2 0.702049064120734 0.3859375 0.026258536931630872 0.02734375
2 0.6996138108743232 0.3359375 0.018391489853730292 0.02421875
2 0.7497695438281945 0.434375 0.02638126785690744 0.034375
2 0.7288200698027769 0.353125 0.01826875892845372 0.0171875
2 0.7802695215070601 0.39140625 0.021639220779006863 0.03125
2 0.8318962512145207 0.43984375 0.050364238635914306 0.065625
2 0.8998280450460104 0.39296875 0.02638126785690744 0.034375
2 0.9944954218735583 0.45546875 0.0110091562528833 0.06875
2 0.9730337199649327 0.3796875 0.03185001785690744 0.034375
1 0.5372092682606493 0.34140625 0.0159795560063543 0.0203125