2 0.0421875 0.7403346460057271 0.084375 0.3244192920114541
1 0.4015625 0.06326635272117931 0.0421875 0.070803396005727
2 0.2921875 0.05652490937299818 0.0640625 0.07496418467536323
2 0.01875 0.017405676002545337 0.0375 0.034811352005090675
2 0.225 0.17839936203054405 0.05546875 0.08658293734086327
2 0.31953125 0.19121808271004345 0.07421875 0.1102386133434086
1 0.57734375 0.21921800274504183 0.0421875 0.07470964600572705
1 0.5375 0.278129378739633 0.0640625 0.09058918467536321
2 0.68203125 0.15246740209258663 0.0609375 0.10227157200827239
2 0.8296875 0.2088730381126312 0.04765625 0.08649203067313609
2 0.778125 0.5106168041056315 0.0875 0.11429940467854482
2 0.94296875 0.37972243479467593 0.06640625 0.09061645667568144
2 0.47890625 0.44151007873167886 0.07421875 0.1219573633434086