2 0.10869381392329899 0.47592334618439625 0.0875402868534724 0.20457049756436801
2 0.27940243816399335 0.2946029825468343 0.09949411977538211 0.14777107264544592
2 0.07789252991961822 0.19268810633066596 0.05287238649288204 0.09073014001588602
2 0.3316143291221875 0.0549871034879969 0.04740363649288204 0.09063468262955984
2 0.48123769509784753 0.30984001907142816 0.05866844481350704 0.10488809740221221
2 0.5467886534947224 0.24070028124629284 0.04204398926642376 0.09522672524323372
2 0.6525847118153474 0.25660374512544076 0.03991844481350704 0.1045608149348082
2 0.6039692931217365 0.44942644480112914 0.06691735590767359 0.12377446509696384
2 0.6436539614340978 0.6781514626580367 0.06724466422829867 0.13783696509696403
2 0.808038544071667 0.4264367784036237 0.07440254758704867 0.10984833279171564
2 0.6224205138677084 0.03429236850223531 0.030778527735416717 0.04739319724005645
2 0.864591136492882 0.10489874350058766 0.04093477773541672 0.047570475243233636
2 0.984939187571085 0.189043692769239 0.030121624857829942 0.14665285754848195
2 0.4827956226251736 0.07480649999670472 0.02263937262517359 0.0667744427758296