2 0.0673177337646503 0.23161815954272452 0.05484323295387141 0.09874657220870704
2 0.15818424147528806 0.29073460518980254 0.04929266233702041 0.09402725595192836
2 0.34992172808260746 0.26607146935659554 0.06281937418757347 0.10816702400410509
2 0.40744785592362887 0.25000156264254136 0.04694891233702041 0.0940136204133089
2 0.46090764123040684 0.49325665895354937 0.05977619480442442 0.11283634328594587
2 0.4854092146899268 0.24108108059652228 0.033176738635914305 0.06581135236113216
2 0.5367671631477993 0.22966231244614965 0.030460841720169364 0.08923067164297294
2 0.5713876249983524 0.24392480034590122 0.04703073295387146 0.09870112041330889
2 0.627470029624735 0.2794037580932277 0.041316521103318495 0.0846068041565303
2 0.6680092548679687 0.3194793122497579 0.04703073295387146 0.09870112041330899
2 0.7363871079522237 0.3433122428697213 0.059858015421275466 0.11752384328594587
2 0.7897285219140973 0.2217599506170477 0.038109700486467446 0.07990112343837108
1 0.8335603425309482 0.22670198067127703 0.04637616801906326 0.0612011204133089
2 0.9104131688298421 0.19902695344571808 0.04921084172016954 0.08933975595192836
2 0.9717597719140972 0.22281897744982318 0.05484323295387128 0.09874657220870704
2 0.36744441882984213 0.19586805366555093 0.04107105925276526 0.07054430415653026
2 0.29552850852141666 0.1931061471478885 0.040989238635914305 0.06585680415653025