1 0.15258322462115279 0.8434382626334374 0.12000901473252705 0.2191701869297223
1 0.0651503605525557 0.588407230148368 0.10474710821486463 0.14694969481350703
2 0.04365611387220539 0.3857550088337153 0.08338519262201592 0.10036498233256949
2 0.1412123699223296 0.3662945343849304 0.09162039431921816 0.1732030702884723
2 0.20903567417705574 0.3397125441685762 0.04112496974937896 0.0868830573706945
1 0.27661860479701905 0.40611748774781226 0.09477266539645698 0.17796330547083344
2 0.3485037369177929 0.6747934461446873 0.11440845452587264 0.1963866503605903
2 0.44831738455666076 0.6404346703091315 0.08680108411256367 0.15043771751493046
2 0.5935798875817229 0.6284587343293397 0.13493003278470378 0.23279692904593752
2 0.5010191619786115 0.43214873841340234 0.04383233411256384 0.14943760875746542
1 0.36068907776785186 0.3518098878240622 0.06641131606038693 0.13668368882958343
0 0.4564964814568439 0.3003545309664579 0.07182552390590917 0.1274359753987154
1 0.5859976290957117 0.2653047708984717 0.06396302693097126 0.11866038744281263
1 0.2104249364736958 0.1755954927818054 0.056045987801555695 0.10050979948690975
2 0.17304311114173088 0.19678081497013875 0.03565621974937896 0.08675577080156253
2 0.1210851805217675 0.13001219547909712 0.04341417759490125 0.07756260875746532
2 0.029315837039429922 0.20403288335875 0.05617779800821018 0.12316604948690983
0 0.07223459006449202 0.19443902460128465 0.03560167759490127 0.07738077080156254
2 0.19319146379745064 0.03378985248920123 0.028411346311007966 0.04987336664125003
2 0.2444181413923519 0.10917040577583312 0.02294259631100797 0.049746080072118073
2 0.2635862979100143 0.18060899468166647 0.045812469749378956 0.08699216014423614
2 0.41356409289316237 0.30760463972392327 0.04122950887879462 0.10485180737069441
2 0.38091924365528823 0.20288142534312467 0.03786815954272456 0.06415407218833336
2 0.33530676180566077 0.15237358548736082 0.03784088846548563 0.05946657218833336
2 0.3782209696511831 0.14199847672989552 0.043309638465485634 0.059593858757465326
2 0.33388009631100796 0.04145426928295111 0.0253136173882468 0.05448813145888891
2 0.29173350292686623 0.049467444244826145 0.012736349336070063 0.040915940729444454
2 0.3957442920562818 0.06501774943131912 0.02294259631100797 0.049746080072118073
2 0.4123596203151131 0.10057338972392327 0.03075509631100797 0.04992791802802086
1 0.4819454124695907 0.10833003191638849 0.0379454275949012 0.07743532218833335
2 0.5152533370394299 0.19272256250159678 0.04351871672431695 0.09553135875746532
2 0.5078635387366321 0.26556065045749955 0.04346871974937905 0.08693760875746533
2 0.519013620413309 0.03323845972805512 0.012813617388246712 0.054197190729444455
2 0.5807823673882468 0.04039568987642313 0.020576120413308984 0.04578527868534724
2 0.6400528282588311 0.024162702366093487 0.028438617388246712 0.04832540473218697
0 0.6603294877033599 0.148715376521805 0.0457579275949012 0.07761716014423614
1 0.6304652465821544 0.2533307945498259 0.025549966724316774 0.09511313145888893
2 0.6849987313586481 0.35988861265409666 0.06388575887879462 0.10537913744281262
2 0.691647665396457 0.15970677469819386 0.02854315651766246 0.07252961664124999
1 0.7026573673882469 0.03755901776433969 0.020576120413308984 0.04578527868534724
2 0.6889918606507516 0.5090346274717354 0.028570427594901204 0.07721711664125017
2 0.7557117280389983 0.5613952548465619 0.0814914153964569 0.17765418094579868
2 0.8264065440011894 0.7597768970390272 0.12490559299135846 0.2552167897032639
2 0.8555288790957117 0.2590313614198257 0.061619276930971266 0.11860583605604172
1 0.9643453428931623 0.294785063832777 0.02560450887879462 0.10448813145888894
2 0.9030714996072164 0.23839089988881867 0.03576075887879462 0.10472452080156254
2 0.7458316922292324 0.34050152659805494 0.0535704275949012 0.07779899810013893
2 0.8027806081166687 0.1907184257243743 0.048156219749379045 0.08704671153100696
2 0.7857834847764936 0.08953778543177018 0.045835195647078206 0.09089841014423614
0 0.8340800842107596 0.0641916401051729 0.030968719749379047 0.08664666802802086
2 0.9202539335468296 0.10281642259024229 0.020653388465485634 0.05906652868534725