2 0.11986443721406277 0.3183699448044245 0.13648693313000018 0.2272909772718285
1 0.15226850807121595 0.8046756375802542 0.15536552611989607 0.3002472362002823
1 0.277369119109792 0.37500354869945846 0.1076170507211808 0.22834891680124728
1 0.3689740844405211 0.3180325742670037 0.07781979473725702 0.18956310633066592
1 0.21277536977538208 0.14974840421934554 0.06978843597979179 0.14647162540538944
0 0.4668290497712502 0.2611706939903503 0.08663109707395851 0.16550799756436801
2 0.36283906610750055 0.6248319991859258 0.11286890159486136 0.2862296006486231
2 0.47346744158246584 0.6134871704514 0.0841607137152085 0.19357845048646727
2 0.6152367142838894 0.5980003124958809 0.11879224648461832 0.30585630803494934
2 0.8645314655181604 0.7733760081110843 0.17135289561093786 0.24898474512873606
1 0.610433579406528 0.25742985957378156 0.06673617116215294 0.14954207832748878
2 0.8807097118153475 0.2605856818121904 0.05901459014010442 0.15331196063273705
2 0.8243674864166322 0.1885373579489285 0.050347451747361306 0.11645684293798535