2 0.08834821238402832 0.640197753123258 0.1427018719595836 0.2914158612399266
2 0.33539982465687534 0.3777876149523599 0.029506968464861137 0.05953862646343318
2 0.4207560964083684 0.3858859403825207 0.03539394576343753 0.07753919272021177
2 0.5609979302802086 0.3014649677062755 0.03194163744281262 0.06345851200205255
2 0.1397243019554517 0.39689720501685194 0.016370535619201387 0.0321221535907962
2 0.45591169319798636 0.35208311212368953 0.01313643284565984 0.027416472872636887
2 0.5043491931979864 0.35180131099222134 0.018823388392743112 0.03682328912941557
2 0.6592360617390975 0.3258968202637994 0.020839830072118027 0.02277442466803503
2 0.7236622376509031 0.34114911554153504 0.0317416156913195 0.05486476200205255
2 0.9154853820049393 0.2829633899384237 0.1690292359901214 0.33303118949875793
1 0.7506234747331252 0.29098548907810196 0.016479638392743114 0.03680965359079611
2 0.2246623464083684 0.3870267804470128 0.011101807370694416 0.040684087334017516