2 0.7220276556789239 0.3550268853267461 0.07133209897381967 0.11293792069139794
2 0.8938097770698267 0.2452701374383171 0.05874117999586801 0.10866795783841657
2 0.6470068590418058 0.2219619842313894 0.06689917211208343 0.12373902837152997
2 0.39354028618788234 0.41618231182413173 0.06053941612815983 0.08529865399835046
2 0.4328553996950003 0.3251337629986307 0.05594283510611113 0.08906851167848248
2 0.04137706772302114 0.3670140037609237 0.07104377108590297 0.2347219924781526
2 0.329258274220035 0.34143837608903904 0.0476939240119445 0.07009119114536908
2 0.26604910619201416 0.3127881903539463 0.0555064240119445 0.07031851167848249
2 0.08779681962288222 0.31250234850893194 0.03960866707809032 0.05814512061225567
2 0.19317465064493083 0.30552727131190094 0.04178876291777778 0.05118206677218975
2 0.14720753400368078 0.27872073040395867 0.02120350598392364 0.03887228338609479
2 0.5127416150257293 0.2641758794542513 0.029197843939826384 0.04691210391920819