2 0.03207088364309042 0.16871289608079174 0.05883209897381954 0.11257420783841651
1 0.05231391451263917 0.3330792729612536 0.059376959631145906 0.10244068989172783
2 0.03510049828757018 0.8698805909870846 0.03326970773128485 0.1547700680258309
2 0.22015015226045143 0.05379127507282464 0.06697125408406261 0.09329301042484128
2 0.24199466356270866 0.35414061605990915 0.06540940729444458 0.12681856426490726
0 0.1322982341355214 0.6458089420032989 0.06586400218420149 0.14634981426490726
2 0.08927689237989647 0.7455649010953567 0.08159810495774318 0.15149195533113408
2 0.3661881505480216 0.9204439144896988 0.07589296561506949 0.1411765809579549
2 0.46468140226045146 0.051600966432676185 0.07523834897381967 0.10320193286535237
2 0.48356260809187523 0.25329821542677095 0.06998780452090295 0.12226745658477522
2 0.5123136956665284 0.6824401461472988 0.06495481240468752 0.10728731426490726
2 0.5702008904800354 0.7847324203621936 0.08448671561506949 0.1414266335443795
2 0.6529081008736807 0.0462658613753813 0.0672985624046877 0.0925317227507626
2 0.6379065756068059 0.3348029650310595 0.06217530452090294 0.1220401360516619
2 0.7475484536472223 0.052196696836634894 0.07869065729444458 0.10439339367326979
2 0.9076521118915973 0.13463651431877896 0.07523834897381967 0.11305158095795469
2 0.9560065314382296 0.5327186616532119 0.08405030452090294 0.1226766335443795