2 0.014879797720667923 0.58633296631478 0.029759595441335846 0.13046479586008458
2 0.030184975851612183 0.41323638555165915 0.044028796318218585 0.06401763555165925
2 0.06953463235724519 0.3771858372559425 0.030224709092057767 0.04581706047058134
2 0.12163434144930294 0.3327597272718285 0.027471782132453625 0.03171365016215581
2 0.1473270117449895 0.41684440097293474 0.04116220909205777 0.046007975243233544
2 0.18845812859632152 0.3464324894466932 0.030133780878812376 0.04269206047058134
2 0.2372269345479585 0.5239359265404799 0.12607206967518358 0.17320744926865145
2 0.24803771707612357 0.3404376339268061 0.027380853919208283 0.028588650162155817
2 0.3382535401165194 0.3560819991859258 0.019363765439406145 0.0214210324674041
2 0.3617675964638679 0.38072348903965614 0.02992919239901033 0.03566081047058134
2 0.4043666219324039 0.4479070348997407 0.04637254631821861 0.0640585458600846
2 0.5101536206787627 0.4388104987788887 0.06826191818411545 0.0917704886359143
2 0.47397207977082045 0.3928434338440806 0.024869619358614516 0.049627853084255144
2 0.4088926490502926 0.37294794520816626 0.019454693652651577 0.0245460324674041
2 0.5574809132360576 0.34349404463897343 0.029815532132453627 0.03175456047058134
2 0.6788641682506225 0.38938501744657505 0.027380853919208192 0.028588650162155817
2 0.6787792517158596 0.3385764939076248 0.019454693652651577 0.02454603246740401
2 0.724307048892008 0.4394219736150853 0.027585442399010417 0.03561990016215581
2 0.7071626644896988 0.35704980437820605 0.01925010517284953 0.01751478246740401
2 0.7576112938774431 0.3962310811635673 0.022003032132453627 0.031618192775829536
2 0.8069604245188288 0.4463362211794533 0.051932224531464045 0.06727900324641087
2 0.8786595797708205 0.39990728043221857 0.027585442399010417 0.03561990016215581
2 0.976037033452602 0.4649204001555652 0.023920884798020837 0.07069432954530477
2 0.9525062567304247 0.3871266367628846 0.03227294239901042 0.035701720779006865
1 0.5137763773426803 0.34116788554836386 0.016238765439406323 0.02136648538950343