2 0.07498676867098167 0.3135943465073997 0.0466352666390915 0.0760448704133089
2 0.14041689975841398 0.27962334660559557 0.03856366801906326 0.061155668617910844
2 0.19253850730689592 0.24729211475596818 0.03132786647693573 0.04939601200205255
2 0.2607469906678045 0.3226688437769252 0.04891083279171564 0.07215225595192835
2 0.414857792209932 0.31005469340758285 0.04891083279171564 0.07215225595192835
2 0.5043254411542718 0.24157233811958445 0.0859120008107789 0.13329883421075958
2 0.6028993088490235 0.23318714549756853 0.044496068181219074 0.08774998487468952
2 0.69360040097623 0.31780706431187106 0.031259682629559825 0.04548976200205255
2 0.7615788336057898 0.2721036788714475 0.044291516639091456 0.07603123487468952
2 0.8528390332814781 0.32469234768575006 0.036219918019063255 0.06114203307929138
2 0.9392810937520595 0.2952861279363711 0.03627446509696384 0.06426703307929138
2 0.9722845085247119 0.28415773039569914 0.02117161647693564 0.049336924668035034
2 0.2748015823879738 0.23353362090428825 0.0287795649348082 0.03766362646343309