1 0.13780196721836893 0.8477340389330239 0.12126811469604411 0.2170971172900508
1 0.05485529658659459 0.5902028191836448 0.10558802335295366 0.14513575887879462
2 0.039442665977091965 0.3869596445156099 0.07888533195418393 0.09891928903121974
2 0.13476261461650232 0.370340291958086 0.0926158560232262 0.1716209908266178
2 0.20302226595322942 0.34573572257804935 0.04162497334499946 0.08617384933607006
1 0.2694188779440026 0.4140953580184729 0.0957954000238626 0.17632667154477702
2 0.33658600724064064 0.6848169241770556 0.11553573535963517 0.19440905103327227
2 0.43695872457832224 0.6533674571581513 0.08766472668681721 0.14893746974937905
2 0.5823712219128222 0.6456191105525557 0.1362664060311804 0.23046472570130733
2 0.49327400127309373 0.446649824546398 0.04469597668681722 0.14868748487468952
1 0.35440295261777494 0.3622424874087723 0.067197685351681 0.135538045081344
0 0.4510694146244565 0.31358279449216875 0.07255734735040828 0.1261948613381226
1 0.5811296319621382 0.282306044295777 0.06464485001590833 0.11755565954272455
1 0.20727505597550114 0.1816868581166688 0.05662326468013577 0.09954145774732645
2 0.16953869863941035 0.20178118949875795 0.03615622334499946 0.08614203307929139
2 0.1187670866486372 0.13351245764913058 0.04385963534372679 0.07681248487468953
2 0.02709334615690954 0.20485112646343312 0.05418669231381908 0.12219770774732641
0 0.06881199264004667 0.1965073613381226 0.03604713534372679 0.07676703307929138
2 0.1925233073281366 0.03940390934633279 0.028697712006681496 0.04938237646343313
2 0.2424136719844098 0.11626184601642038 0.023228962006681543 0.049350560206654494
2 0.26032733064131935 0.1882459303253758 0.04631247334499946 0.0862011204133089
2 0.4080279392902747 0.31958280961747926 0.041834058680772127 0.10414259933607006
2 0.37722392930459225 0.2139277072563471 0.03823634400859053 0.06349941861791084
2 0.33251141331159195 0.1621015868430382 0.03818180000795426 0.05881191861791084
2 0.3755892513128646 0.1529765717177277 0.04365055000795426 0.058843734874689524
2 0.33302103799331845 0.051159541663498384 0.02562725600731781 0.05405169574527389
2 0.290751721992364 0.05794535196834871 0.012972714672181595 0.040697722872636934
2 0.3944488866565914 0.07651861084714329 0.023228962006681543 0.049350560206654445
2 0.41043696598504614 0.11255155961747927 0.031041462006681543 0.04939601200205255
1 0.4798591279837735 0.12233108059652227 0.03839088534372692 0.07678066861791084
2 0.5116807453055467 0.20767822813719422 0.04406872067949941 0.09478123487468952
2 0.5030228132956835 0.2802890263417962 0.04396872334499946 0.08618748487468952
2 0.5182227413271822 0.04833049921443308 0.013127256007317812 0.05397897287263694
2 0.5798414939926821 0.05728331839807799 0.020839758672817864 0.045430674668035034
2 0.6394255793284548 0.03966000204310346 0.02875225600731781 0.05406987646343311
0 0.6574659599777283 0.16789863153159867 0.04620338534372692 0.0768261204133089
1 0.6257881512969562 0.2716276195295461 0.026099970679499408 0.09467669574527386
2 0.6784398892823205 0.3797537369177929 0.06449030868077213 0.10427440954272456
2 0.6885795999761375 0.17979918871319106 0.028961341343090474 0.07203862646343313
1 0.7017164939926822 0.057992366406288166 0.020839758672817864 0.045430674668035034
2 0.6798285719287305 0.5289906676359521 0.02901588534372692 0.07672612646343317
2 0.7456075659214128 0.5832832578968359 0.0825141500238626 0.17624940349260038
2 0.8128116052275958 0.7836877788758789 0.12637378536758917 0.2530618883672897
2 0.8506608819621381 0.2838741312370111 0.06230110001590816 0.1175420240041051
1 0.9588091892902746 0.3227871611930445 0.0262090586807723 0.10405169574527395
2 0.8985443986314561 0.26462013718893945 0.0363653086807723 0.10411078307929138
2 0.7395864746180931 0.362139510921898 0.05401588534372692 0.07687157220870695
2 0.7991262013049104 0.2140383542078439 0.04865622334499946 0.08621475595192836
2 0.7839017379853643 0.11238040543750791 0.04635792667886296 0.0901073704133089
0 0.8326210486553187 0.08844345656897605 0.031468723344999464 0.08611476200205255
2 0.918085833983137 0.12956842631835502 0.020994300007954082 0.05871192466803503