2 0.0696335205883072 0.3425233224050987 0.1392670411766144 0.23438461123992677
1 0.07846801605350665 0.8455346929166035 0.1569360321070133 0.30870790036934215
1 0.22898933045336772 0.3978324702403583 0.11172332247267383 0.2357743944174139
1 0.3272826665094094 0.336331367977422 0.0811266326931599 0.1965391775949013
1 0.17268935153927067 0.1653790394240032 0.07225947254892376 0.15118122579950316
0 0.43104475256545116 0.27479844945770704 0.08990156743868064 0.17081246974937897
2 0.3058011779085758 0.6551631812091385 0.1170297247331252 0.29595337031511304
2 0.42095405243361056 0.6412137898167867 0.08744936787552096 0.19970053903121965
2 0.5690467135277772 0.6216047508837628 0.12297125341847241 0.3162976865718917
2 0.819606491928784 0.7974667723537852 0.17782110115802113 0.2564686894987579
1 0.5804089729301734 0.26768032016560356 0.06922539152687505 0.15506929508134393
2 0.8609140905213539 0.2644861007108122 0.061485626709236386 0.15814884328594586
2 0.8063915511024303 0.19059460363767838 0.05201905452090294 0.12059884631100797