2 0.018136323422604343 0.2084392086648637 0.02850816612815979 0.08390283267027261
2 0.062032446997708546 0.24778297199236396 0.03570241707809032 0.05743123933799978
2 0.2232959488975696 0.19276711330363774 0.038209821238402865 0.06448976133831796
2 0.29130106648875015 0.19353872529441088 0.05445307028847228 0.09123407467377245
2 0.3321988234226043 0.20478476062222933 0.030142748100139016 0.053461354670590745
2 0.3862511969977086 0.2440103452816842 0.04117116707809032 0.05749487400540883
2 0.46197789561093766 0.24078480060473012 0.041080248100139015 0.05358862400540883
2 0.5684103867772224 0.2809638105904126 0.05723257817225687 0.07642668734086326
2 0.6176089933504862 0.1788013265834129 0.049238240216354257 0.0685232806731361
2 0.7219880220358335 0.19790476790264083 0.03570241707809032 0.05743123933799978
2 0.7609596030578821 0.1935439845640047 0.04620415919430556 0.07239316800604519
2 0.8452820113022572 0.29102696455286886 0.05167290919430556 0.07245680267345422
2 0.9227335576550348 0.2276088072088239 0.04647691612815983 0.08411191800604519
2 0.4155386534947224 0.22647739994432073 0.021966572188333443 0.03774544800286357