2 0.05234375 0.3131090746737724 0.046875 0.07867044000636332
2 0.11875 0.27872553134945377 0.0390625 0.06295453333863606
2 0.17265625 0.24575903735677165 0.03125 0.051144876670908876
2 0.24453125 0.32472037869986214 0.05 0.07480055267345423
2 0.4046875 0.3156464653882702 0.05 0.07480055267345423
2 0.49609375 0.24639757340067875 0.08671875 0.13772781401177223
2 0.5984375 0.23977595074790536 0.04453125 0.09036191800604518
2 0.69375 0.3283850120941775 0.03125 0.047238626670908876
2 0.76328125 0.2823190814369498 0.04453125 0.07864316800604518
2 0.85859375 0.3381156427832219 0.03671875 0.06292726133831791
2 0.94765625 0.3094644787953123 0.03671875 0.06683351133831791
2 0.98203125 0.2989269681333121 0.02109375 0.051026698002863566
2 0.2578125 0.23346867003499838 0.02890625 0.03939885467059075