2 0.047866977363134985 0.21847658985576385 0.05427951468013574 0.10045524810013892
2 0.13995502737108917 0.27494283577170125 0.04953747067949941 0.09565864532659721
2 0.33340503536758936 0.24465200446531227 0.0629823526814084 0.11003026985163196
2 0.39180788136536215 0.22688196979604136 0.046412470679499405 0.09558591014423615
2 0.443881100731997 0.4710488906738538 0.05991189668204484 0.11464503466927098
2 0.4706050433640895 0.2156704064414232 0.03280395667568144 0.06715178561920139
2 0.5228124333624986 0.20273334213687458 0.030732926678863137 0.09053473423243057
2 0.5573510653644076 0.21599575513090233 0.04646701468013568 0.10027341014423614
2 0.6140101453691802 0.24984277184840228 0.040834632678226866 0.08608362357510427
2 0.654317519374589 0.28875914827329807 0.04646701468013568 0.10027341014423614
2 0.7233493300445434 0.3113777242613536 0.05996644068268111 0.11933253466927089
2 0.778172095361226 0.18741224097885353 0.03843633867759042 0.08134157218833335
1 0.8219766393618624 0.19108144842579794 0.04602157200827221 0.06199216014423614
2 0.9005465346912717 0.1603386350711798 0.049482926678863136 0.09097114532659725
2 0.962547095361226 0.18312086521954782 0.05427951468013568 0.10045524810013892
2 0.35132778469127157 0.17312184337114553 0.0406710006763177 0.07202112357510418
2 0.27864426269095344 0.17246918636104142 0.04061645667568144 0.06733362357510417