2 0.10210337226160833 0.17686872538939377 0.045196491224511394 0.07781276293212373
2 0.22907504922121244 0.1872486327529566 0.05624765149106814 0.08203726167848249
2 0.32893029671393004 0.20623666198241636 0.04471911810497318 0.061406512932123736
2 0.4260289540774928 0.07674172710525343 0.06476484514371972 0.1064833322115959
2 0.4868588054894186 0.12501409105359154 0.03667929757185977 0.05336669239901033
2 0.5660605721824661 0.13287440366914613 0.05624765149106814 0.08203726167848249
2 0.6470391022033486 0.3361608765512575 0.05077890149106814 0.08187813730530316
2 0.6996172182632577 0.10083949049959555 0.05624765149106814 0.08203726167848249
2 0.7912795325281651 0.16072530436879137 0.053236311757624756 0.08585258346523714
2 0.86452681591426 0.17892372341083673 0.03690661810497318 0.06117919239901033
2 0.9106660300208826 0.17914503226546763 0.04719926042484133 0.06616220909205776
2 0.9348787683424 0.1244886245061934 0.02785822703874672 0.04530413981258556
2 0.9902332007455341 0.09622122050784285 0.01953359850893186 0.08969899749271752