2 0.26746596387914795 0.1085595767027256 0.027735262174864595 0.06749658267027256
2 0.237020533278183 0.15428970003181672 0.043442082791715644 0.072365896005727
2 0.16864977759284483 0.6674522240213172 0.08776087296975747 0.15020963267822687
2 0.35097926217156933 0.5524101213796797 0.06875177434972919 0.13514770667568143
2 0.43378425933219555 0.32920043539145183 0.06069381249917623 0.12099430000795426
2 0.40987956047058133 0.03366975938890654 0.021761951704283432 0.0385266980028635
2 0.4703767297074606 0.05390099073040615 0.019595479707460582 0.04865567600254535
2 0.5756097004864673 0.08636914007795096 0.03295855032431163 0.053497717337681605
2 0.5646836574657564 0.26589300807604194 0.05748699188232518 0.11627043734086326
2 0.5968218218313718 0.4513856127466327 0.06866995373287814 0.13046020667568142
2 0.6810080868489055 0.2625600174251776 0.06295574188232518 0.1163340720082724
1 0.7811290434244527 0.13640714477240423 0.03312219155801355 0.06287271733768166
2 0.848902924511885 0.17078269211485836 0.03893186079489297 0.08246760200509069
2 0.8210625223211345 0.05251395011135851 0.02991537094116268 0.05814885467059074
2 0.888908541395858 0.046273588120585366 0.03859094155801372 0.06293635200509066
2 0.9409346915580136 0.07343607212758504 0.03522047970746058 0.048837489337999786