2 0.02691746144681125 0.7494051023611321 0.0538349228936225 0.32693520472226434
1 0.38327042167251124 0.06551747833358597 0.04420969602224041 0.07134373487468948
2 0.2732232658283126 0.0586266080184729 0.06615287986961631 0.07537724990180412
2 0.0078125 0.01957670179539809 0.015625 0.03915340359079618
2 0.20230501948176055 0.18244538221896972 0.05776368141174384 0.08704600292686626
2 0.297412967939633 0.1947186441228264 0.0769227844959989 0.11059258723582169
1 0.5579004545469524 0.2220179840891226 0.0442778798696164 0.07524998487468952
1 0.5170339468363145 0.2803799299325923 0.06642561525911965 0.09100224990180408
2 0.6653641270302425 0.1531048785065366 0.06350516680124726 0.10270281918364485
2 0.8136146663975055 0.2094417577986401 0.04995118141174402 0.0870005511314682
2 0.755938939532714 0.5146059807694728 0.09105346834337488 0.1145806504675381
2 0.9246907138824433 0.38119910401145213 0.06876936525912 0.09101588544042354
2 0.4547679517075786 0.4456594962875668 0.07712733603812652 0.12231133723582169