2 0.26916711475596816 0.19844763212077385 0.04587155708339648 0.0963573704133089
2 0.4129989279876847 0.18522144515609867 0.054465307083396475 0.0964073673882468
2 0.8299505995324619 0.09389402585081683 0.05449257816063522 0.10109486738824683
2 0.9361051507621259 0.11091842026823082 0.007980671642972937 0.028951701795398098
1 0.7228648073779841 0.10264633625386299 0.0055505632317165874 0.014094316256778682
2 0.6376540152235064 0.11152591168402384 0.007894313231716587 0.014107951795398099
2 0.5383352712736306 0.12813617388246812 0.0023982921544776657 0.009388635538619416
2 0.5641437923508694 0.12359866480728181 0.005523292154477666 0.009406816256778684
2 0.5665011778894888 0.12126855034590123 0.0055505632317165874 0.014094316256778682
2 0.5891983345053472 0.11436911055255569 0.0023982921544778435 0.009388635538619416
2 0.6001085634281083 0.11912024306611302 0.0023982921544778435 0.009388635538619416