1 0.0293415454741274 0.46111476200205254 0.0586830909482548 0.1472295240041051
1 0.04096536758463854 0.07602214451560987 0.07247950887879459 0.10432440651766242
2 0.10363808440715128 0.04669825887879458 0.059130081185697445 0.09252838846548567
2 0.279569325331965 0.021939674275251574 0.06195055415653021 0.0402028191836449
1 0.19177843384141718 0.07143061416679299 0.07567268657189175 0.11606133723582165
1 0.2282466780858806 0.2489925327847038 0.048901108313060514 0.0799693011314682
1 0.17625186514875163 0.45729084611461623 0.09141586123992673 0.1364647408266178
1 0.11274283529091407 0.6303647317514315 0.1155164365718917 0.11629314139235199
2 0.1683059922995558 0.8823335044393973 0.14043514422102227 0.23533299112120537
1 0.327468410622879 0.651927156124879 0.150999939498758 0.17274767447164335
1 0.29327625956616565 0.35171807786604775 0.0999868853422277 0.1326084878015558
1 0.31665116881430255 0.0940328428931624 0.07780735831306052 0.08013747277444108
1 0.4165602652235064 0.11023962587425792 0.07009030708339647 0.096498270979043
2 0.4824170693800366 0.07077767095560186 0.07794825887879461 0.10435622277444108
2 0.46844897638867844 0.32304869808296494 0.0968846112399266 0.13649655708339647
1 0.5564989431129952 0.2290265081914235 0.06781473477649377 0.10820338544042354
1 0.6214932049186561 0.06924296291368785 0.08353518354682965 0.12470053903121973
1 0.7332346808163551 0.06598667358788053 0.07236587939029952 0.08479315651766242
1 0.7431813316766768 0.23636280610143787 0.06774655708339647 0.09648463544042354
2 0.6742217325369984 0.4062798754814745 0.10798573770335977 0.16468518959695383
1 0.6235257991865606 0.6598997791704665 0.10000961123992677 0.1365147378015557
2 0.7492747120489348 0.8004798482559157 0.10791756001026265 0.15296643959695402
2 0.831593350121637 0.4829792517485158 0.09695278893302373 0.14821530708339664
1 0.873623331480285 0.10742980590504611 0.06464428298109545 0.10037270472226431
1 0.9825806958434697 0.04556158586107955 0.034838608313060605 0.07988748789975159
2 0.9358455546475095 0.2898292154477706 0.07794825887879461 0.10435622277444105