2 0.19329017942718724 0.2929363016711113 0.04676720364722229 0.06355466014423614
2 0.3105140470183678 0.29410137100965306 0.04685812262517368 0.06746091014423614
2 0.42553898176388855 0.32257382275701424 0.05639677678548623 0.0747103656913195
2 0.09358112015663171 0.27810877583555565 0.02601829255305561 0.04433188145888893
2 0.3073176182567706 0.22992976823611136 0.030796711531006958 0.04834723423243066
2 0.23680509650527756 0.23688697663298627 0.02116713839274311 0.03719152868534721
2 0.3963612812507984 0.2663959047289934 0.047021776785486226 0.07449216014423614
2 0.8511754146095484 0.3051220575581257 0.04676720364722229 0.06355466014423614
2 0.6959618909581942 0.25695404844006997 0.04364220364722229 0.06348192496187507
2 0.5925823178199303 0.2654912874221533 0.04364220364722229 0.06348192496187507
1 0.7540464946816664 0.28019283310934096 0.03712009992375016 0.08519327080156254
2 0.8909659196435415 0.24116931354204935 0.028543880508958352 0.052198932845659754
2 0.09394348964767334 0.3297076434267362 0.018551284669270897 0.05899379350298606