2 0.07964308996629617 0.26275587955902785 0.05132667154477706 0.09493194671336802
2 0.1659078428931624 0.32100609707395844 0.04583065046753818 0.09011716014423614
2 0.3485748971478885 0.30026110524208366 0.05840791851971492 0.10368935087368066
2 0.4047339935570923 0.2859453385245837 0.043486900467538094 0.09006260875746533
2 0.4521776618804155 0.5190494324644102 0.05609143959695384 0.10832229948690966
2 0.47890274658215437 0.2790790491056601 0.030832364363184796 0.06320916802802082
2 0.5280578640685971 0.2692871282278476 0.02862042456983911 0.08581086664125
2 0.5609476321207738 0.28333209764263934 0.04351417154477701 0.09475010875746533
2 0.6142680748409857 0.3181623457427783 0.03796815349260037 0.08134157218833335
2 0.6519862434588964 0.3565351679311116 0.04351417154477701 0.09475010875746541
2 0.7169618036655508 0.38070067296510474 0.056118710674192586 0.11300979948690984
2 0.7694095719141194 0.2655309210652437 0.03559713241536144 0.07659952080156245
1 0.8108430929913583 0.27118216223152847 0.043305093285945874 0.05881260875746532
2 0.8849073068870048 0.2463471228126049 0.04580792456983929 0.08621091014423614
2 0.9436283219141194 0.2695859074818758 0.05132667154477701 0.0949319467133681
2 0.36615730688700476 0.23427308254066004 0.03789088544042354 0.06806032218833336
2 0.29817492134838536 0.23034734232430581 0.03786361436318471 0.06337282218833336