2 0.03499366529826113 0.2396475217076124 0.05742213544042356 0.06884693989172792
2 0.21212833703942993 0.19854984560593805 0.04885565651766237 0.07328438730530311
2 0.09937432786604776 0.2924709933360824 0.02212498487468948 0.043605247492717505
2 0.2944368429913583 0.24381923000824726 0.02999657220870695 0.05398881802583091
2 0.3888999152982612 0.22934990155757512 0.04112951492891881 0.08790081677218975
2 0.5038663851458359 0.247102039720808 0.04350053600615773 0.09265651293212365
2 0.6999919514026146 0.24686504433966155 0.03021928600615755 0.0922700680258309
2 0.8623783219141193 0.2226055272509027 0.04110224385167989 0.08321331677218965
2 0.5614021500747548 0.3321613498290802 0.011078400565734014 0.02453699874635875
2 0.9971425501788108 0.34367288202804075 0.0057148996423784125 0.024446070533113408
2 0.9858027072563471 0.3510678448810222 0.016574421642972938 0.029383623119538172