2 0.02424110593021946 0.714630126561629 0.048238676947517004 0.07839771077238851
2 0.016646388801365344 0.38892614461380576 0.02211650771063775 0.058716469847574795
2 0.10436457711296807 0.3759170845053471 0.03539775771063773 0.05879373789975153
1 0.017944061691692565 0.4935954638956465 0.02772162540538945 0.06656078610435348
2 0.2801748750016476 0.23897055464750955 0.061724478489644595 0.09019372882456533
2 0.3580271396121442 0.25414103669352867 0.05611936079489279 0.08234941256778665
2 0.47558678652788916 0.27689221458301755 0.061860846184396225 0.09800622882456533
2 0.6378549614468113 0.2892280672387373 0.05150004464226861 0.08622839149054773
2 0.7554924748394919 0.262765040307766 0.061860846184396225 0.09800622882456525
2 0.9787606051161454 0.36067477860030106 0.030642073863261742 0.0548602168225127
1 0.9765650852306429 0.48645602860030107 0.031051176947516978 0.0782977168225127