2 0.35277084943410236 0.33150751259122774 0.06575918790456559 0.1870823643631848
2 0.06839980357401773 0.37768866276417834 0.08248303774240984 0.16061985831306053
2 0.16233281006683947 0.2771523315784809 0.06740746266133195 0.14725224990180408
2 0.3804849720001181 0.48914275058917517 0.06506371266133196 0.1472386143631848
2 0.43524243019722314 0.350556973560008 0.060062566963403084 0.12924259328594587
2 0.5950771262194637 0.2785405521134268 0.0980262171255589 0.1560232619038567
2 0.23347142451518027 0.3189216750608185 0.03951824188232518 0.11584316861791084
0 0.6313480426169691 0.4829962479568966 0.10380465868357244 0.21855053298109545
1 0.7527105738665572 0.42214004030776603 0.07310803774240995 0.16056531615858277
1 0.9456986891256769 0.33040147132051284 0.0544438124991764 0.12061702702916718
1 0.9754680097425279 0.32554125449800003 0.03537621266133186 0.14706589754067192