1 0.0835808279360484 0.4721300860120904 0.07085848734881747 0.11487156934277234
1 0.0915762359564111 0.32220281134627216 0.06277326734563579 0.09134316267504508
2 0.1715091839592746 0.3020363093570898 0.054797135343726835 0.07718975600731781
1 0.23401772728359319 0.3691789033656804 0.05178122334499946 0.08652839334022691
2 0.26857508796150176 0.28675730203690736 0.04949201734563582 0.09118862133990877
1 0.1920949513049104 0.21163857602640784 0.05746814934754481 0.10534202800763595
2 0.07268713924254963 0.6696863386775904 0.05573347402131721 0.15765850600731782
1 0.14227238590073182 0.7330044986871355 0.0822959740213172 0.15796758867759042
1 0.215890604551278 0.8526272026973167 0.08240506202258988 0.16734258867759025
2 0.3291803978755966 0.918274245186181 0.10662381202258989 0.1634515096276381
2 0.3350064205920035 0.5539726213796797 0.0711402980187719 0.13909031934277216
2 0.33552568328295684 0.37504819004613427 0.06829656134627218 0.09609429734245403
1 0.3353091493077739 0.19220841804581607 0.041452250676317706 0.0715664646721816
2 0.4375165393061831 0.2051180453930427 0.046530649347544896 0.10521475867281786
2 0.41651314863145616 0.2642566880569519 0.03308576734563573 0.09099771733768165
2 0.4883250613065012 0.2033651887332697 0.04636701734563573 0.09115225867281787
1 0.5545864079805918 0.14944130474217834 0.04396872334499946 0.08643748667249973
1 0.6060210913033195 0.22817537941595076 0.0685692813494537 0.11953179734245412
2 0.435025149268003 0.48637713605981536 0.06070223734881743 0.11475339067472703
2 0.42503088924254967 0.6737862293920882 0.07080394334818116 0.11018406934277233
2 0.5405297145926398 0.5516759667409057 0.06879654801877173 0.13906304734245403
1 0.45096503855032355 0.8623947433959062 0.046639737348817434 0.11458975867281787
1 0.39658607387814193 0.9023924873885883 0.04724881202258988 0.16693350867281787
2 0.5937423372056422 0.9438612773710892 0.0982567813494537 0.11227744525782164
2 0.6273933679185492 0.6073816214194505 0.07655450401813546 0.13446645401018137
2 0.6878474205522325 0.8510867154280412 0.05813176802195343 0.16237327800763596
2 0.6668024079408209 0.44375547342454125 0.05506985534690845 0.10062725600731781
2 0.7504677885900944 0.5728713561027681 0.0631005313494537 0.11946816267504516
1 0.6703750399825008 0.13672422342454124 0.055015311346272175 0.09593975600731781
1 0.6665404206317744 0.2648219514242231 0.04374145667568143 0.06690623667249973
1 0.7215830039783647 0.16779295743154093 0.04938292934436319 0.08181362133990877
2 0.8212199246499099 0.1330099721116767 0.03849997334499946 0.08637385200509069
1 0.7577830386298653 0.2799480594366316 0.04943747334499946 0.08650112133990877
2 0.8374319865929578 0.5527866701145402 0.07599997334499946 0.08681020401018139
1 0.8915269512253687 0.805794038788949 0.08749200401813581 0.13459372334499947