2 0.08138567220899265 0.49927902556754516 0.085886867875521 0.20063697402541755
2 0.25667987899034694 0.32179672808260745 0.09787706838861121 0.14540004910649557
2 0.06442160343913175 0.2207449224832901 0.052054768901701465 0.08915400324641087
2 0.318421385258611 0.0868410754848197 0.04658601890170146 0.08905854586008469
2 0.45406337205649283 0.33696558075982547 0.05705139342673604 0.10251707386326192
2 0.5213067298640276 0.2685798193957397 0.0412263716752431 0.09365058847375848
2 0.6248856715434026 0.2844560097359373 0.039082643426736216 0.10220342816533297
2 0.5681232592149649 0.47338609618110095 0.06530030452090294 0.12140344155801355
2 0.596498259880555 0.6981912272685333 0.06562761284152785 0.13546594155801372
2 0.768723324469444 0.45109585916674444 0.07278549620027785 0.10747730925276536
2 0.6052862588337152 0.051988383112731906 0.030633710581076556 0.0747233104705813
2 0.8386059454790971 0.13499930072475808 0.04013534393982639 0.04677558847375849
2 0.9679648307377082 0.21854027799658665 0.05803331838861112 0.1447045738632619
2 0.4664952093468055 0.10505706168510201 0.022603005033993106 0.06521194277582962