1 0.15536034837591792 0.8577460905023534 0.13326845572684548 0.23267790665497756
1 0.06381037971694872 0.5828494561685102 0.0982282145023341 0.1555426623370204
2 0.04188860094970738 0.3661704707790068 0.06478757719703097 0.10654605478853849
2 0.13116404961692388 0.3482074492686514 0.1021943004748537 0.184503459414921
2 0.2030474098043383 0.32291316882984217 0.0456284002374268 0.0921562723211344
1 0.27625524076229296 0.39681036485208265 0.10467444279472175 0.18923186972334652
2 0.35964336843417766 0.686400744721699 0.12711774412750518 0.20914494926865146
2 0.46491589014179 0.6546615953703221 0.09602085682220221 0.16018925202859488
2 0.6193078734487425 0.6472054257264057 0.14932536473976085 0.247794392044481
2 0.5162952190546806 0.4345769663114846 0.04992710682220221 0.15938468262955982
1 0.36448501497718777 0.34290984334172714 0.07373667986259802 0.14574492248329013
0 0.4652829853520166 0.2915712601429744 0.07890991316955062 0.1356841298696163
1 0.602586757059629 0.2603912183400795 0.0708246285298145 0.1261727621748646
1 0.20029917986259801 0.14795407913826766 0.06244382719703099 0.10650514448011292
2 0.1610691953020042 0.168352353895034 0.04015965023742685 0.09206081493480811
2 0.10350909639736086 0.09550914326229692 0.047699365597690765 0.08282218262955984
2 0.021361837621872243 0.17059887215897857 0.03580477084968253 0.1302466075484819
0 0.053120302982136144 0.16178297970746053 0.039886865597690765 0.0826858149348082
2 0.17917903463973608 0.012497820209813926 0.03023306927947216 0.019268197240056458
2 0.23497204506457736 0.07828250730360066 0.025764529625171128 0.05354773985373027
2 0.25675376834240005 0.15596717654047992 0.0510971502374268 0.09225172970746054
2 0.41939382383181867 0.2977979407439394 0.046196701570210406 0.1116875223211344
2 0.38252665815498565 0.1847115596565071 0.042579956584775314 0.06789661201270883
2 0.33325643236988045 0.12841096671852173 0.04244356426490725 0.06320911201270887
2 0.3782961477301444 0.11982689934808159 0.04713106426490725 0.06329093262955987
2 0.32862510517284954 0.022914943179571396 0.0275399782923877 0.03405740016215578
2 0.2840938551728495 0.022137647319486704 0.014258728292387701 0.03382557508107789
2 0.3946592821324536 0.03812293181548567 0.025764529625171128 0.05354773985373027
2 0.4129606527447093 0.07670419074393942 0.03357702962517113 0.05368410754848196
1 0.4874749194377568 0.08815593384408058 0.04301186559769086 0.08274036201270885
2 0.5252680876218723 0.17939458847046322 0.04824493487716293 0.10157218262955983
2 0.5189248108996949 0.2565883340062364 0.047972150237426806 0.09219718262955982
2 0.5254091769596041 0.023226409087314232 0.013318353919208192 0.028343188311602718
2 0.5919063551728495 0.02751053449270368 0.0228524782923877 0.03397557954530476
2 0.6541790346397361 0.02078897605071728 0.030233069279472245 0.01926819724005646
0 0.6787053246897485 0.13912591882654687 0.05082436559769086 0.08287672970746054
1 0.6491207762599589 0.24949067450858972 0.029494934877162926 0.10124490016215582
2 0.7102748880967259 0.36534354544975234 0.07041545157021041 0.1121102621748646
2 0.7126400554894186 0.15143104991397918 0.03191524122451135 0.07708069724005648
1 0.7208126051728495 0.029760601456106726 0.0228524782923877 0.033975579545304765
2 0.718014494918928 0.523991842527653 0.032074365597690856 0.08254944724005639
2 0.7907904168639673 0.5830452885498933 0.09139319279472176 0.1890000446422686
2 0.8712377494712747 0.7984032816500346 0.13987380839241226 0.27183586404130367
2 0.889305507059629 0.26539591273746693 0.0684808785298145 0.12613185186643908
1 0.9948160579967011 0.3071488104639907 0.010367884006597805 0.11123750892845372
2 0.9394502595669115 0.24440730275335296 0.040727951570210405 0.1115920649348082
2 0.7745730688172537 0.3477253973161914 0.05863686559769086 0.08301309740221222
2 0.8316772119950517 0.19020895210472985 0.0534409002374268 0.09229264001588607
2 0.8113299565847752 0.08131519317627611 0.05123354255729495 0.09693922970746054
0 0.8606252629321236 0.05796919642268698 0.033750525864247295 0.08648297077900682
2 0.9540175617576248 0.10098458522075704 0.023693564264907253 0.06288182954530477