2 0.12676487175194148 0.18847039042292316 0.04349662986961631 0.07573638555165915
2 0.2512290836024945 0.2003646440763711 0.053721063716992215 0.07981991355483639
2 0.3484859131477993 0.22054868466145003 0.04322389448011297 0.06011138555165916
2 0.4455364168012473 0.09459806493810344 0.06194266680124727 0.10339378124958809
2 0.5042080332781829 0.14280769399694088 0.035275026785361166 0.05216251785690749
2 0.5817290612813603 0.15161390381889905 0.053721063716992035 0.07981991355483639
2 0.6586712110364789 0.35111329748823306 0.04903356371699221 0.07973809293798535
2 0.7124881375802541 0.12119792654707048 0.053721063716992035 0.07981991355483639
2 0.8018330555993174 0.18059447159637626 0.051445497564368024 0.08368525324641088
2 0.8732813616056717 0.1996660255741358 0.03541139448011279 0.05997501785690749
2 0.9186211351446222 0.20043759294457594 0.04563582832748878 0.06405854586008468
2 0.9426938348203105 0.14687621632137052 0.02731252232113448 0.04343240016215581
2 0.9937869561685101 0.11938641599705895 0.012426087662979767 0.08618296185055305