2 0.7205745577707676 0.3662213667647682 0.07097155103327228 0.11409941000954502
2 0.8993267925472612 0.2604815387889489 0.0576675751355733 0.11003861867440871
2 0.6487273497288535 0.22631343475490504 0.06557097872636941 0.125754525342136
2 0.38433253074160034 0.4146561300524976 0.06065621974937896 0.08663748134149962
2 0.42627056674775793 0.32373168539145186 0.055210195647078034 0.09048009667409058
2 0.03057844972299324 0.35036362667090887 0.06115689944598648 0.23900850334181775
2 0.3207245486955812 0.3357856953771344 0.04728406615858276 0.0708579400063634
2 0.2576251058771736 0.30379935136854386 0.05509656615858276 0.07094884667409058
2 0.07484442213395226 0.2962033853437268 0.039403388465485675 0.05904828333863614
2 0.18346544321119113 0.2927794880251352 0.04170168667008758 0.051263055338954366
2 0.13675861485416402 0.2633277980187719 0.021321008976990453 0.03930794800286348
2 0.5102188407518631 0.2637668867361332 0.029178960772388508 0.04721135467059075