2 0.10234375 0.3679304227776735 0.0203125 0.03250402868534721
2 0.01875 0.44643858890583327 0.0375 0.06962282218833345
2 0.08125 0.536390135258611 0.03046875 0.06867791802802081
2 0.1953125 0.43217280110243045 0.05390625 0.10125468189572917
2 0.21796875 0.3582079710303123 0.02265625 0.055214830072118026
2 0.24765625 0.3286107367978818 0.0203125 0.04109777868534721
2 0.31484375 0.34267193037711785 0.0125 0.02763469072944442
2 0.28984375 0.3799725618360067 0.01796875 0.03713697729857639
2 0.3109375 0.46073159935506924 0.0359375 0.07349270459715278
2 0.34453125 0.42401219614468727 0.0203125 0.05516027868534721
2 0.39140625 0.43620241840927054 0.05859375 0.10136378466927098
2 0.44609375 0.6169608027179511 0.06640625 0.1382643726251736
0 0.4375 0.36481707446944406 0.0125 0.02294719072944442
2 0.5921875 0.45184168294256893 0.02578125 0.06856881525447918
2 0.640625 0.3850892876159717 0.0203125 0.04578527868534721
2 0.6859375 0.47934712747173547 0.0359375 0.07349270459715278
2 0.84921875 0.6278904641933674 0.16328125 0.3170816632783682
2 0.94375 0.7210027249269437 0.0609375 0.13344958605604162