2 0.2754454275949013 0.07976241470399828 0.026948840260883778 0.06671533267027256
2 0.24445450282867037 0.1239300380330894 0.04260111133812261 0.071584646005727
2 0.17086000506816554 0.6331954026893626 0.08445278893302391 0.14862895134468132
2 0.3522094781371942 0.5181260280474069 0.06640222570130731 0.13435736600890866
2 0.43607944232742835 0.2980231607256337 0.05850336729005097 0.11942270934118149
2 0.4164607921544777 0.014220325389861035 0.02120283430895533 0.018995448002863506
2 0.4743414698475748 0.026611784731042493 0.017432939695149585 0.042387494668999895
2 0.5791971414905477 0.05673618407858729 0.03155452702916719 0.0527073766709089
2 0.565394237605164 0.23546971140990558 0.05535109621281222 0.11469884667409058
2 0.5953640596174793 0.4186185660804963 0.0663749546240684 0.12966986600890867
2 0.6809874213483853 0.23134638009226846 0.06081984621281204 0.11476248134149962
1 0.7810368974424761 0.10673782610594969 0.03160906918364485 0.06208237667090888
2 0.8460760901626878 0.14108610144808562 0.03719144867214012 0.08167726133831792
2 0.819653969847575 0.030629859444585794 0.02993293969514994 0.042532945337363445
2 0.8868278343089553 0.029067906787039917 0.03615566861791066 0.03791817067154522
2 0.9384766927202118 0.044511640794039596 0.034652255951928626 0.04805623933799978