1 0.09975065254479189 0.25999455547083344 0.07289525218420152 0.14614960780753475
1 0.1716100815907295 0.3951884794827779 0.06982415036059039 0.11484505642076392
1 0.1814611263279866 0.58359701605191 0.07612935495774317 0.1509098429898959
1 0.23339830072118076 0.2318721683123613 0.06820775218420154 0.1460405050339931
1 0.3348939444322574 0.533291157578785 0.08454192021222236 0.17687293094579867
2 0.45364459764263937 0.569630660712917 0.10180280860496538 0.2139735406531944
1 0.5490785053183336 0.27513773793524354 0.06273900218420145 0.14591321846486113
1 0.6292459693178826 0.6666362133339588 0.09302656743868062 0.1723854526972918
1 0.639816527354167 0.4833879554501742 0.07289525218420145 0.14614960780753491
2 0.9255209040634031 0.6477648056582647 0.09061073546670144 0.20278146751493065
1 0.984958841090035 0.33926328105698 0.030082317819930184 0.13052395459715288
1 0.7093042244487847 0.11411258500920199 0.06201165036059031 0.11466321846486113
1 0.9105770901401042 0.17345513668031326 0.04734908510611113 0.08855466014423614
1 0.4866505872903127 0.24323246808361149 0.06177526101791671 0.10450696846486114