2 0.8545569473789583 0.1584506903467882 0.06962412860909736 0.10586026217486463
2 0.04033014000826372 0.21327156737044017 0.055597342989895895 0.07359718709378668
2 0.6367148307377082 0.19036671226088545 0.05265418094579868 0.08135514001588606
2 0.7037185331506595 0.2977467897775953 0.03646548328249999 0.056863654626382674
0 0.9481952317638885 0.2958222309318671 0.05274509992375016 0.0852613900158861
0 0.45775402935093734 0.19583328247069937 0.061902547587048676 0.10963014448011288
0 0.06741801044923587 0.29089200689985883 0.0640644596311459 0.10185855478853849
1 0.15141115074184003 0.3058254857965405 0.06153887167524315 0.09400514448011296
1 0.19436302336701367 0.2386964870143565 0.04213425503399311 0.06555286201270878
1 0.3331527664331595 0.2479878920477762 0.04994675503399311 0.06568922970746058
1 0.5901119344611804 0.21304628165992048 0.046912674011944586 0.06954093262955982
1 0.7236888070863541 0.14433541761861673 0.05247234298989589 0.07354264001588602