2 0.759312930128984 0.3745674020730202 0.0741238221105112 0.11967802678548622
2 0.9446004694547913 0.25852090872253397 0.06081984621281222 0.11546265226045146
2 0.6819095719141194 0.23181816404086747 0.06872779498314792 0.13205074021635427
2 0.4088498426967707 0.4374194262930552 0.06301815046753809 0.0905172036472223
2 0.452045330792914 0.34108863373999965 0.05757667154477701 0.09507741707809032
2 0.035825433154046155 0.38281184678961805 0.06863286709365922 0.2500013064207639
2 0.34197089402463055 0.3577150489182289 0.04964599687674198 0.07458307912218753
2 0.2753782916634984 0.3272294215434025 0.05745849687674198 0.07476491707809033
2 0.08471693022717992 0.3254162676674305 0.040979524004105095 0.06188305737069442
2 0.19719420432948087 0.3188915511024304 0.044059072208706994 0.05414329255305557
2 0.1485794423274283 0.28955019642902763 0.022111349336070063 0.04113414627652778
2 0.5383959212501894 0.2757889824294787 0.029969301131468028 0.04912848423243057