2 0.03294156598076689 0.2650080573706945 0.05362275666391757 0.09883819671336802
2 0.09681384936686174 0.24616844481350703 0.06377900666391759 0.09907458605604172
2 0.270013320137402 0.15091376225218772 0.04804034639736088 0.09480466014423614
2 0.22600359270294418 0.3468977562682641 0.04838132719703099 0.10652341014423623
2 0.3061601056350679 0.3057655696228822 0.05373641693047428 0.1027444467133681
2 0.3878958389420205 0.3178311181598614 0.061662577197030985 0.10683253466927081
2 0.44097302632646584 0.24010681487322955 0.06132159639736088 0.0951137846692709
2 0.5058334967012947 0.29477743749840324 0.06154891693047428 0.1029262846692709
2 0.566231439100305 0.26100315596326434 0.0640063271970309 0.10688708605604172
2 0.6896091031277856 0.29280062946211866 0.05337270407749273 0.0902444467133681
2 0.7440692825946721 0.30188599515343817 0.0460375771970309 0.10646885875746533
2 0.838106439100305 0.26733111682868127 0.06894387978345584 0.11558993882958343
2 0.9446974198999751 0.2580853630289591 0.06400632719703125 0.10688708605604172
2 0.33572323667216486 0.20325881867295167 0.055716454077492907 0.09029899810013893
2 0.9826340259307544 0.40516103799083414 0.014864133544379498 0.0815409407294446