2 0.016744246697953106 0.23071421185055305 0.02908861067790857 0.0833034237011061
2 0.06173912070336195 0.2713352577106377 0.03424827800763601 0.056836381087432296
2 0.22128629602958955 0.2217870454530476 0.037455094008590525 0.06392217816533297
2 0.28928231802990767 0.22531719439738737 0.053389176678863136 0.0907574135548364
2 0.32925333736472584 0.23695016964062104 0.029515324673772447 0.05284831047058125
2 0.38205162070336196 0.27692633319545745 0.03971702800763603 0.05693183847375849
2 0.45781468936981645 0.2766865998345489 0.03967157467377227 0.05302558847375849
2 0.5621936540419981 0.31912529017474656 0.05556020401018138 0.07595457386326192
2 0.6118022080283169 0.21923043019063257 0.047656797342454024 0.0680057061685102
2 0.7151726560311804 0.24212423376135503 0.03424827800763595 0.056836381087432296
2 0.7541897026973168 0.23889982223511352 0.045358500676317706 0.07187104586008468
2 0.8357856953771343 0.337179409491056 0.0500460006763177 0.07195286647693573
2 0.9131925327020893 0.27682433643857307 0.04548577001113578 0.08280854586008468
2 0.4115482167011348 0.2610382804355139 0.02153010200509069 0.037868192775829534