1 0.11540463462763814 0.28819086729005094 0.07039541068586272 0.14180622579950325
1 0.18183706194304808 0.42061754791001427 0.06769712468172658 0.11132384026088378
1 0.1851604145846856 0.605024364166793 0.07279370468649908 0.14650736133812253
1 0.2485625799650016 0.25927604781181846 0.06492666068586272 0.14177440954272455
1 0.3373410799252307 0.5527811289975159 0.08168744668999892 0.1723386083130606
2 0.45336552192077645 0.5862708607489474 0.0977215266947713 0.20758576190385672
1 0.557528499960229 0.29623218890958275 0.059457910685862814 0.14174259328594588
1 0.6234047545751406 0.6778912550681656 0.0894363120225897 0.16691531010845856
1 0.639549017266094 0.4990668182998821 0.07039541068586282 0.14180622579950325
2 0.9158831559118678 0.6545911522160541 0.08666584802672617 0.19736587939029934
1 0.984254084619684 0.35184340211785825 0.024910188017181055 0.12669885538619424
1 0.7203477679821827 0.13544974589478337 0.0591033746817267 0.11127384328594588
1 0.9173858526416374 0.18972467631835505 0.04631247334499946 0.08620112041330893
1 0.49694553596436525 0.26540891490547763 0.05898519601368122 0.10111759328594587