2 0.17110179859738536 0.26316888117454845 0.04725679508134393 0.06671602773541671
2 0.29454838895646496 0.25873334147128446 0.047279520979043 0.07062227773541671
2 0.4147063528521115 0.2824955369503816 0.058257927594901206 0.07790810087368065
2 0.06649156664956211 0.25232425978364575 0.026830665592848725 0.04671199905006951
2 0.28947052439688853 0.19167312804041642 0.03154089149054773 0.05072735182361114
2 0.21597848224241084 0.20275740482590257 0.021316463797450603 0.03877221248093754
2 0.38379269613805733 0.22541038877399272 0.04732042759490129 0.07765352773541671
2 0.8594057744950845 0.2432427072595132 0.04725679508134419 0.06671602773541671
2 0.6963926900879331 0.20094937053788137 0.04491304508134384 0.0666614763486459
2 0.5892932623948359 0.2151593005337495 0.04491304508134384 0.0666614763486459
1 0.7579750847017388 0.22295035068624935 0.03723235528799833 0.08913588839274311
2 0.9004216599355079 0.17510964988881866 0.029219867388246713 0.054579050436840325
2 0.06774044926131531 0.3061941421924652 0.0183278191836449 0.06213697729857639