2 0.03136236882545153 0.17345187186589692 0.05728778276940981 0.11330999373179385
1 0.05004289969500029 0.33872753087881236 0.0593951434267362 0.10322193989172793
2 0.03371983624347295 0.8785114449062927 0.03019925911805569 0.15702288981258547
2 0.21860583605604172 0.06725701082055267 0.06698943787965286 0.09407426042484127
2 0.2405048987450697 0.3708139198334681 0.06544577488562506 0.12838106426490725
0 0.1308812045002436 0.6588330938900784 0.06588218597979179 0.14713106426490724
2 0.08709679654020896 0.7567106527447093 0.08241572254892375 0.15307718738444542
2 0.365497819525973 0.9388418484756784 0.0764923776591667 0.12231630304864324
2 0.4646995860560417 0.07441760761362495 0.07603778276940983 0.11385556301126602
2 0.482835909478646 0.2833978025199177 0.07078723831649328 0.12307143863808659
2 0.5124773498268409 0.7183411038527012 0.06499117999586801 0.10884981426490725
2 0.5703827284359382 0.8246425796378064 0.08452308320625015 0.1429891335443795
2 0.6537075346692709 0.07757501451496937 0.06733492999586818 0.10891801042484126
2 0.6387787445847573 0.3753760170222519 0.0629747383164931 0.12284411810497317
2 0.7491291374428125 0.08503582501895293 0.07872702488562507 0.12876750917120003
2 0.8298511541603126 0.031172690616643677 0.05657730832062526 0.015699207838416517
2 0.9100322294827781 0.18886918184115506 0.07603778276941 0.11385556301126601
2 0.9582216619245575 0.593130784506722 0.08355667615088506 0.1234578835443795