2 0.8984925630353249 0.15941864812697032 0.06701075887879426 0.10506537540538945
2 0.09404141237139489 0.1859977755675452 0.053543156517662414 0.07280230032431154
2 0.683031189498758 0.1837798997518234 0.0512448583130606 0.08057389001588602
2 0.7531896742752515 0.29280607223511357 0.03470225292686635 0.056850017856907444
0 0.9842891624695908 0.29841869276923905 0.03142167506081854 0.08494774431795715
0 0.5064823250373773 0.18304173985043498 0.0592209847764936 0.10883525771063773
0 0.12261638514583598 0.26383244926865135 0.06151928298109555 0.10106366801906326
1 0.02369255093507642 0.17852046631477994 0.04575338241536146 0.07657218262955987
1 0.20630558391617196 0.28169783360249456 0.05913008118569749 0.09321025771063773
1 0.24732549365528822 0.21601433238467854 0.040216454722264317 0.06475797524323364
1 0.3841169665279251 0.2309007670428333 0.048028954722264317 0.06489434293798535
1 0.6378459545258727 0.20486396712226354 0.04570793061996348 0.06875968262955982
1 0.7679329094445286 0.14151630762461692 0.05119940651766246 0.07276139001588607