1 0.055152670955601876 0.4831170270291672 0.09535392749670542 0.14195621672431696
1 0.0811368913923519 0.11531190349260032 0.06932723780155572 0.09961872579950315
2 0.14110224385167994 0.0828493823171656 0.05680451190385667 0.09563975292686624
2 0.30648180415653026 0.04162546037960508 0.059838608313060516 0.08003293364502548
1 0.22485052995603344 0.10989821652792515 0.07173916549465283 0.11135111133812262
1 0.26177887909571174 0.2804197947867563 0.046539177594901296 0.07683066559284875
1 0.21449585469882324 0.47857549365528823 0.08747324980360834 0.1301920149289188
1 0.1553031827612627 0.6438505148307229 0.11002041549465287 0.1115738251355733
2 0.21139059805952382 0.8847936773985096 0.13412151170746495 0.22577268052176755
1 0.3608855622497579 0.6645771470496926 0.14392323770335996 0.16489426785578498
1 0.32484248135864807 0.37765840914994103 0.09526302390590917 0.12633121672431696
1 0.34372324980360824 0.1316828338179761 0.07466417759490121 0.07699429205628183
1 0.43990790339440444 0.1478668909013726 0.06693803600615773 0.09179259026088378
2 0.5021851895969538 0.1099492552645573 0.07479598780155569 0.09965054205628184
2 0.491866354895215 0.35050607757146013 0.09294199980360815 0.1302238311856975
1 0.574156159248137 0.2611441166026799 0.06466246369925485 0.10349770472226431
1 0.6342028040583344 0.10837364060678498 0.07959257211051121 0.11842781313352072
1 0.7419925781606354 0.1050946253832786 0.06921815349260037 0.08086872579950319
1 0.7530942255049157 0.2676537127172961 0.06459428600615773 0.09177895472226431
2 0.6884146228491959 0.4297719176359521 0.1032527859079618 0.1568454185197151
1 0.6429486285065366 0.6716867068635637 0.09528574980360834 0.13023746672431677
2 0.7648196042078439 0.805984959692234 0.10318915339440445 0.14590791851971474
2 0.8396185745463981 0.5033053872871353 0.09301017749670529 0.1419425811856975
1 0.875809041958086 0.14415310108458593 0.06149201190385654 0.0956670240041051
1 0.980591469847575 0.08617295032246011 0.03881706030485006 0.07678975897699043
2 0.9369788669954634 0.3187218299091512 0.07479598780155569 0.09965054205628184