2 0.2454560107335763 0.10029551320211827 0.027326872625173682 0.06700631525447917
2 0.21316953438493041 0.14409941137850713 0.04306097539871541 0.07205749116628475
2 0.12564155243361058 0.6470230832062501 0.08699411977538207 0.14803941612815982
2 0.3095827541809718 0.5356167237831947 0.06791681145475703 0.13354050503399312
2 0.39906740074184 0.3180493237069448 0.059777003134132034 0.11929616707809032
2 0.3878448389058333 0.02778734640836838 0.021966572188333356 0.037990962480937515
2 0.4460021778116666 0.04790113107763926 0.019059777735416717 0.0472932272985764
2 0.5476185759880555 0.08153320829996573 0.032450130508958355 0.05228985182361114
2 0.5294465381846526 0.2577683999793407 0.05732415036059031 0.1145541156913195
2 0.554134147607708 0.439691200416181 0.0678077086812154 0.1288530050339931
2 0.6443993909581943 0.25575391793111163 0.0627929003605903 0.11468140226045147
1 0.7473087982526389 0.13308144376666728 0.03266833605604162 0.061664851823611144
2 0.811388828837847 0.1674031988006604 0.03859168094579886 0.08132338839274311
2 0.7898612805852083 0.05121450113736178 0.03021548328249999 0.0569228004368403
2 0.85637663335875 0.04807262376253544 0.03802798328249999 0.05710463839274309
2 0.9066123694910416 0.07269207047590354 0.034684777735416714 0.04765690321038196