2 0.09011315228249091 0.3869928133546181 0.022048496239076298 0.03330346248093754
2 0.019775571720247638 0.46498922036472223 0.014545884798020648 0.07060344072944442
2 0.0740659181176085 0.5599393508736805 0.03329588479802066 0.07103985182361114
2 0.18740334092057753 0.4571799864166321 0.05768813103709691 0.10439786569131951
2 0.20865856380268885 0.3827255002843405 0.025074207838416563 0.056795513867708355
2 0.2382634957768579 0.3537471683123613 0.022321280878812376 0.04267846248093754
2 0.30749086889639604 0.37175359232430577 0.014099603919208193 0.028434124525034753
2 0.28277802540202907 0.4078722770698266 0.019059888558944315 0.03791822729857639
2 0.3071080871596538 0.4927564233463544 0.03890102711788872 0.07585463839274312
2 0.34039194860070954 0.4560565103523267 0.02273045783841656 0.05674096248093754
2 0.38923862556031363 0.4712464056789239 0.063156881037097 0.1045251522604513
2 0.450921586301724 0.659274388961424 0.07203778754272996 0.14142574021635426
0 0.43399954460235896 0.3996811834143406 0.01396321159934022 0.023746624525034753
2 0.5953211409997199 0.49712249391916713 0.028608384798020657 0.0709307490500695
2 0.6433434523616332 0.43031750683694503 0.022457673198680438 0.04736596248093754
2 0.6930826910788621 0.5298460345723617 0.038901027117888634 0.07585463839274312
2 0.8648166017411303 0.6899873668286812 0.17657583801758356 0.32654758225631964
2 0.9645558404583591 0.7906796574818757 0.06643264522286181 0.13661095364722228