2 0.1078125 0.3389084847764936 0.128125 0.22183915944452864
1 0.128125 0.8163704094445287 0.14609375 0.2930374485739442
1 0.2609375 0.3921430899662962 0.1 0.22323803298109546
1 0.35234375 0.3348623759724538 0.071875 0.18557440651766238
1 0.20234375 0.17227095150081048 0.06484375 0.14334599990180413
0 0.4484375 0.2783901830558503 0.08125 0.16141019867214013
2 0.3390625 0.6371288579202771 0.10390625 0.2795107588787946
2 0.44765625 0.6244793878763104 0.078125 0.1887357679539809
2 0.58671875 0.6073196798343965 0.109375 0.2990738251355733
2 0.82734375 0.7766883451326576 0.1625 0.24313289734428026
1 0.58984375 0.2729628605525557 0.06171875 0.14645281918364486
2 0.8546875 0.2729411764165509 0.0546875 0.14953691256778665
2 0.8015625 0.2031008542078439 0.04609375 0.11354941559284874