2 0.03247727110578982 0.6194045649348082 0.06495454221157965 0.132545493100141
2 0.06414295170757862 0.44422333279171566 0.043305715096963925 0.06479888555165925
2 0.10306512987291161 0.408172784495999 0.029710819399035016 0.04659831047058134
2 0.15621344927194664 0.3629926980508354 0.02712160754848201 0.03249490016215582
2 0.004682861405448488 0.3727926176947517 0.009365722810896976 0.02839773538950343
2 0.1820707913991531 0.44862623498246634 0.04064831939903506 0.04678922524323355
2 0.2231827609603439 0.37666546022569997 0.029642635551659247 0.04269206047058125
2 0.27474744075053004 0.5565262840889618 0.12568361282348767 0.17557847280760158
2 0.28346174188562046 0.3706842414752881 0.027053423701106104 0.028588650162155817
2 0.3754037800350674 0.3863558802733581 0.019118192775829535 0.0214210324674041
2 0.3984185401813371 0.4109837333576133 0.029519904626382674 0.03566081047058134
2 0.4425446412369974 0.47974341598717307 0.04643071509696384 0.06485343262955982
2 0.5489855560096497 0.47066051663579617 0.06801538879807012 0.09334662540538936
2 0.5130713754086847 0.4239258384704632 0.025091503246410872 0.05042273985373029
2 0.4462247946455641 0.4032218262955986 0.019186376623205346 0.02532728246740401
2 0.596002652194046 0.3737951992653561 0.029465357548481917 0.032535810470581336
2 0.7186628563339613 0.4204810588424329 0.027053423701106104 0.028588650162155817
2 0.7187816331193225 0.3689049220729578 0.019186376623205346 0.0253272824674041
2 0.7662276030875503 0.4713265385498935 0.0271761546263825 0.03561990016215581
2 0.7473742374213936 0.38737823254353904 0.019063645697928955 0.0182960324674041
2 0.7982548989476351 0.42734075932890025 0.021652857548481917 0.03239944277582953
2 0.8497395324706993 0.47747317288373664 0.05195401217486477 0.06807389001588611
2 0.9208838754086848 0.431044232136502 0.0271761546263825 0.03561990016215581
2 0.9859730872592379 0.4181135840029411 0.013894904626382498 0.035388075081077906
1 0.5522799257329962 0.3714690401747466 0.015993192775829713 0.02136648538950343