2 0.07940063280814492 0.1826574113224096 0.04341417759490127 0.07706248667249974
2 0.20588131957642836 0.19524722330522856 0.054374403492600275 0.08109600600731781
2 0.30497280454931375 0.2159677086250928 0.04331872882456533 0.06065623667249973
2 0.40649037363476276 0.08823251261141163 0.06232780405833438 0.10540566267504507
2 0.46557448214421504 0.13754162193668473 0.03546077702916719 0.05275283000477251
2 0.5444216448101974 0.14677971459263978 0.054374403492600365 0.08109600600731785
2 0.6190075125912278 0.3513666699156857 0.048905653492600364 0.08103237133990877
2 0.6797415212736306 0.11708202924095878 0.054374403492600365 0.08109600600731785
2 0.7692216569104459 0.17853660256209572 0.05127212939029935 0.084965893340227
2 0.8417597322424107 0.19800367055223253 0.035506228824565514 0.06056533000477251
2 0.8870631418833312 0.19903891187941464 0.04568974990180408 0.06537100867281787
2 0.913158009271578 0.1448326698759148 0.02682157523376887 0.04484033267027252
2 0.9805000453759316 0.11748837253346067 0.038018150467538446 0.0894988520050907