1 0.10724984375205956 0.3033997165650001 0.06877904788867957 0.1374831226251736
1 0.169884437097082 0.43147147159899324 0.06593073741809832 0.10852232123840296
1 0.17147639042621843 0.6089243243725349 0.07120461850553061 0.1422251740119446
1 0.23509815422264085 0.27745742524621547 0.06331029788867966 0.1373558360560417
1 0.3192514172115796 0.5607803779435072 0.07943985835926082 0.1666257619678472
2 0.43119230966309774 0.5954300945085074 0.09566487621616844 0.20136443787965277
1 0.5329492731352085 0.31799738516170184 0.058622797888679655 0.13724673328249998
1 0.5945087414818786 0.686766875378056 0.08717053774240976 0.16212009992375015
1 0.6108037175358912 0.5144197499030907 0.06877904788867965 0.1374831226251736
2 0.8761814813356089 0.6690942917905562 0.08455009821299128 0.190953614741389
1 0.9609554963498473 0.3795427889407647 0.05836369926865146 0.12240298328249999
1 0.6911181034912921 0.16692846048416726 0.058118237418098316 0.10834048328250008
1 0.8800754634754062 0.2221283728126049 0.045195497564368026 0.08383079255305556
1 0.4748600836057898 0.2877273504924309 0.05794095941492117 0.09818423328249999