2 0.8491631113144555 0.13411279948114813 0.06760621801399935 0.10351134026088378
2 0.04791823730904657 0.17861535850945223 0.05395225067631774 0.07140282220870704
2 0.6340011879774101 0.16270647385459558 0.05092724801081765 0.07997839149054782
2 0.7015057666295471 0.2693377480550924 0.03502043734086335 0.055668737899751616
0 0.942884744629229 0.2702770375772915 0.05097270134468133 0.08388464149054772
0 0.45819266597709196 0.16607288925105257 0.05905792134786303 0.10736759328594588
0 0.07514326129854706 0.2557954820460191 0.06209201468013574 0.0995732740041051
1 0.1585551979630926 0.27093414783525954 0.0588761080124085 0.09174259328594588
1 0.19994381397200128 0.20507279849918952 0.04058009400859053 0.0635130541565303
1 0.33574495397041043 0.21600068725926275 0.04839259400859053 0.06355850595192836
1 0.589215399307774 0.18484054908836473 0.04609429734245403 0.06745112041330889
1 0.7196665153166826 0.11846104928475643 0.0508272506763177 0.07138464149054777