1 0.14267010998081867 0.4296824339396131 0.06990517126547413 0.1113329306199633
1 0.1471512840889619 0.2835477773237548 0.061697204950694216 0.08863122882456534
2 0.22335922808260747 0.26278984972885355 0.05363924310014116 0.0745232770291672
1 0.2854285799490466 0.32727907572474846 0.05067788433384326 0.08388009631100797
2 0.3168228559236289 0.24583817818407647 0.048415954950694215 0.0885539607723885
1 0.24134952313191324 0.17439497024035827 0.05646028003177213 0.1018806625677866
2 0.1382122552717105 0.6219153857350112 0.055016556817133334 0.15342952702916718
1 0.2072310365212986 0.6816762051150478 0.08079780681713337 0.15357951795398073
1 0.2819055284036237 0.7968785034178456 0.08094781128136015 0.16217326795398074
2 0.3942612524290414 0.8774830879231927 0.1049580555993174 0.19512212334017534
2 0.3893190133893853 0.5048177475641131 0.07031427434972919 0.1347704306199633
2 0.38472915056589757 0.3313893379231927 0.06646652556754526 0.09334599990180407
1 0.3792762171255588 0.15327797346181213 0.040276172483290115 0.06975850897699046
2 0.4779046318982112 0.1636427808397962 0.04630403003177204 0.10182157523376908
2 0.45938250283937376 0.2215689103282914 0.03279095495069413 0.08846305718159239
2 0.5278637215897858 0.16100813934924846 0.046072204950694126 0.08854032523376913
1 0.5902176712654741 0.10751497980652394 0.04286538433384326 0.08383464451560987
1 0.6423353246740409 0.18378204313643634 0.06686199188232518 0.11600224990180412
2 0.4842400012145207 0.43707119048071663 0.05896767126547413 0.11126929810640611
2 0.47961850527171046 0.6199291422761147 0.06982335064862308 0.10664543061996348
2 0.5884559427725342 0.4989712267814618 0.06718927434972918 0.13475224990180407
1 0.5101532593289002 0.8025825609922214 0.04646767126547413 0.11119657523376922
1 0.45849134780265877 0.8419495880213885 0.04735406128136024 0.16197782523376922
2 0.6511112702859488 0.9103672690341353 0.09673645251506216 0.171639171544777
2 0.6737582430968458 0.5516053473911625 0.07491995373287814 0.13011020169720222
2 0.7388140474783472 0.7871883233870574 0.05742849066450919 0.15734941256778665
2 0.7076950921239111 0.3920167239527914 0.05403470941492117 0.09717952702916718
2 0.7919082252399383 0.5165394801011115 0.06217449188232518 0.11597497882456534
1 0.7024722094149211 0.09279797395279146 0.05396652556754518 0.09327327702916718
1 0.7015290925309483 0.21781615467095067 0.04253810186643907 0.06508464451560991
1 0.7522227934244528 0.12298037764178349 0.048252313716992214 0.07917896077238855
2 0.8477165255675452 0.088046320558387 0.03817788433384308 0.08380737343837101
1 0.7908370543815014 0.23136050420341245 0.04833413433384308 0.0838664607723885
2 0.8759150324641087 0.4949548507108122 0.07411538433384308 0.08401645169720222
1 0.9348844780793122 0.7399491881430256 0.0858574537328785 0.1301738342107596