2 0.018485243291806133 0.13426591569104457 0.036970486583612266 0.08693691861791084
2 0.0770477924490653 0.18470173204601908 0.06002041549465287 0.11128293364502548
1 0.09406659992524524 0.3478784429166035 0.057617578160635355 0.10111304810640612
2 0.03827627847280377 0.8841386506639299 0.07655255694560754 0.15437894867214014
2 0.26988070794371816 0.07264611787922613 0.06537553600615764 0.09178349990180415
2 0.28297456382089176 0.3733410094679698 0.0632272287263694 0.12536361436318472
0 0.16489114257070228 0.6622994912194013 0.06334085821486464 0.1448948643631848
2 0.11822469994868637 0.76100515681225 0.07899312929210348 0.14967326795398073
2 0.39063953455222933 0.935195593973317 0.07338347872636941 0.1254227016972024
2 0.5144119579437182 0.07122347668326597 0.07330166549465282 0.11136020169720222
2 0.5264887353656688 0.27817745863108917 0.06788745764913066 0.12070338544042354
2 0.5435155914392341 0.7085325791425939 0.06311359923787414 0.1058323643631848
2 0.5976031277399794 0.8113394165748075 0.082059041958086 0.13953519867214012
2 0.7019255934823375 0.06778888359371184 0.06545734923787414 0.10584599990180414
2 0.6791092204367499 0.3640053534412867 0.060074957649130664 0.12065793364502539
2 0.7972380934823375 0.06732115644876793 0.07656302088084707 0.13464231289753587
2 0.8788244367682834 0.01158992233034398 0.05797612646343318 0.02317984466068796
2 0.9544460846035431 0.17022249542281376 0.07330166549465318 0.11136020169720222
2 0.9732217930382404 0.5685372755752389 0.04757495764913031 0.12058521077238851