2 0.0625 0.7398977466581822 0.046875 0.0778891900063634
2 0.04921875 0.41583353799331846 0.02109375 0.05805794800286357
2 0.13671875 0.40309663331477363 0.03359375 0.05820339867122719
1 0.05234375 0.5204846753262277 0.02578125 0.06592499200349984
1 0.01953125 0.548210233330682 0.0234375 0.0737102200031817
2 0.30859375 0.2659404366247747 0.06015625 0.08976248134149963
2 0.38671875 0.2806563699475024 0.0546875 0.08188634667409059
2 0.50390625 0.30194901993159406 0.06015625 0.09757498134149963
2 0.665625 0.31412975190964054 0.04921875 0.08572896200668154
2 0.7828125 0.28776615189373217 0.06015625 0.09757498134149963
2 0.99609375 0.38372189986477895 0.0078125 0.05399715666772718
1 0.99609375 0.5079406498647789 0.0078125 0.07743465666772717