2 0.06906304378732657 0.2133526787615972 0.056214938829583394 0.0668978656913195
2 0.24011977298576404 0.1741959937317359 0.048511541603125076 0.07140352773541672
2 0.1320364756830558 0.26582240890996517 0.022075674961875034 0.04267846248093754
2 0.32089830072118075 0.2192162465815275 0.030106380508958353 0.052235300436840326
2 0.4120317937873265 0.20536999249746493 0.04102634992375016 0.08528418977951394
2 0.5234602562682641 0.2238816435236454 0.0442604526972918 0.09004442496187508
2 0.7134131090418057 0.2241504811952077 0.030979202697291798 0.08973530043684033
2 0.870007947947639 0.20174553828156178 0.04091724715020817 0.08059668977951392
2 0.5808928561920141 0.3069655940367356 0.010701763867708358 0.023673889342673605
2 0.9999578065629342 0.320565660622395 0.00008438687413168112 0.023619337955902785
2 0.992199857949705 0.3278696675562492 0.015600284100590046 0.028488675911805574