2 0.014862972479853484 0.2721068250810779 0.027162463699254773 0.10358865016215582
2 0.06864195745273885 0.2511727621748646 0.06544371369925477 0.10425685186643907
2 0.24849710821486465 0.14885410592362888 0.0490147378015557 0.10006422970746054
2 0.20908567115199359 0.3567387439109201 0.04908746067419267 0.11256422970746058
2 0.2924158007386847 0.31288537824476326 0.0545334847764936 0.10875343709378668
2 0.379198183252242 0.3253365596565071 0.062368710674192675 0.11279605478853849
2 0.43261809904148246 0.24268374675029386 0.062295987801555694 0.1002960547885384
2 0.5032533067888089 0.29937980600305913 0.0623459847764936 0.10888980478853849
2 0.5663254785299777 0.2645468843305479 0.06549371067419259 0.11285060186643907
2 0.6977481953524904 0.2965253616023765 0.054456216724316775 0.09547218709378669
2 0.7556106923274284 0.306128232543539 0.04596246067419259 0.11250968262955982
2 0.8538254785299777 0.26956521549741047 0.07023120764913031 0.12152617248329012
2 0.966248210477801 0.258247660301835 0.06549371067419259 0.11285060186643907
2 0.3199044756031114 0.20400130194586935 0.056799966724316864 0.09551309740221221