2 0.01563243318334754 0.29502612784102145 0.03126486636669508 0.059166494317957154
2 0.1806313347017389 0.23744763271228536 0.038667590260883775 0.06707445170428325
2 0.2509347443426592 0.23778282345952012 0.05523292154477701 0.09470457386326192
2 0.29305406664956213 0.2487651879078609 0.03000566256778665 0.05520569724005649
2 0.3475006721339523 0.289216864044599 0.040965888465485635 0.059302862012708776
2 0.42642055767257164 0.2854958003276068 0.04094316256778665 0.055396612012708776
2 0.5347643227978822 0.3265690393705582 0.0574857679539809 0.07912048417168745
2 0.5885029220357565 0.22017298904624666 0.04962781615858276 0.07117161647693573
2 0.6954114521881816 0.23939850162814835 0.035497138465485634 0.05920740462638267
2 0.7360546329063407 0.23556438961543952 0.04652554205628192 0.07502331939903506
2 0.8198387595661656 0.3356541185121212 0.05199429205628192 0.07511877678536125
2 0.9022472594679698 0.26937850771722827 0.04659371974937905 0.08674206939903506
2 0.37885521126336785 0.27070264326559224 0.022102258976990453 0.03944432954530477