2 0.07524412177215233 0.5265625 0.08835790444465294 0.2046875
2 0.2553531151226386 0.340625 0.1003117373665626 0.14765625
2 0.05768064095819424 0.240625 0.052890570288472306 0.090625
2 0.3188207755512152 0.09765625 0.047421820288472284 0.090625
2 0.4582053581887845 0.35234375 0.05868662860909737 0.1046875
2 0.5270475835874997 0.28125 0.042843423062014094 0.0953125
2 0.6329702752668748 0.2953125 0.03993662860909737 0.1046875
2 0.5745180763693052 0.490625 0.06771678970326392 0.1234375
2 0.604310106670173 0.72109375 0.06806228181947915 0.13828125
2 0.7806050754193746 0.4640625 0.075201981382639 0.109375
2 0.6127350829219097 0.05703125 0.0314695119678472 0.0765625
2 0.8530314681805207 0.13828125 0.04173421153100705 0.04765625
2 0.9761039858479513 0.22109375 0.04093673736656243 0.14765625
2 0.47078266584381934 0.1140625 0.023420622625173592 0.06640625