2 0.07330549188562045 0.36701595048646735 0.02166649431795715 0.03318069277582954
2 0.002677166397505463 0.44542159415580135 0.005354332795010926 0.07209318831160268
2 0.048389492292657536 0.5408528709411626 0.03327219602224046 0.07165285754848191
2 0.16821284294128064 0.4366620231319132 0.0572824403401976 0.10487446063273716
2 0.193740722810897 0.3620847629856435 0.02441934740221221 0.05665910308425506
2 0.22474130682042862 0.33214784699517513 0.021830135551659156 0.04255569277582953
2 0.29398618466145005 0.3497677694784653 0.013772173701106106 0.028356825081077907
2 0.26676911972664186 0.38680411931630954 0.0194045649348082 0.03782728246740401
2 0.2879389618538483 0.4723558356310894 0.03804151663909146 0.07642217816533296
2 0.3229821635581317 0.43467460348799686 0.02207559740221221 0.05661819277582971
2 0.37194181493810347 0.4503774699649326 0.06275119034019756 0.10496991801906326
2 0.42568660349458753 0.63965420413662 0.07121825527500576 0.1426062857138149
0 0.4208799212687694 0.377771812902918 0.013690353084255058 0.023669325081077906
2 0.5793861221622738 0.47509860064532783 0.027803446022240406 0.07155740016215581
2 0.6305861578760888 0.4072213538917387 0.021911956168510115 0.04724319277582971
2 0.6765105381527422 0.507271946829724 0.03804151663909146 0.07642217816533296
2 0.8432871607187579 0.668043625805836 0.175217782871146 0.3287404289761119
2 0.9392115409954112 0.7689669719902323 0.06566768465815472 0.13782332832748878