1 0.042315376320399084 0.48227615066040935 0.08463075264079817 0.1455948580124085
1 0.07003403612085204 0.10463240865690952 0.0720852800317721 0.10238066000954502
2 0.13233916720828437 0.07032049598186448 0.059517096184396226 0.09832895934118144
2 0.3040738453736173 0.03355856531469404 0.061383559252765355 0.06711713062938808
1 0.21778574350717825 0.097445522636865 0.07541483157389965 0.11413577267663591
1 0.2514771306836905 0.2704557612985471 0.048238676947516976 0.0786704400063634
1 0.19871282062014634 0.4741534733052285 0.0913807508107789 0.1338488360120902
1 0.13402125487455924 0.6451841359802737 0.11447733157389965 0.1145903060152719
2 0.18527624310673171 0.8859449486394103 0.13983761606989864 0.2250192760184536
1 0.34463147240715514 0.6614796559516385 0.14980690543716157 0.16967779535327168
1 0.3137941241908687 0.36971032662318387 0.09912506696340309 0.13003349267981754
1 0.3392925507313486 0.11712112862032031 0.07714492694751698 0.07900679467695407
1 0.4374573153418453 0.1316007046069573 0.06960516233702041 0.09454088800922684
2 0.5022016538156038 0.09179276993159406 0.07755403003177222 0.10244429467695407
2 0.48618732143092525 0.33802287993318486 0.0968495008107789 0.1339124706794994
1 0.5729527102289953 0.24484449725495816 0.06746596387914786 0.10623236600890866
1 0.6381800641240293 0.08786724391314035 0.08336369926865146 0.12203917934436315
1 0.7483908612019299 0.0834604598981865 0.07174436079489296 0.082849410009545
1 0.7556561160731939 0.2489672812301411 0.0672614123370204 0.09451361600890866
2 0.6863588709444579 0.4153649879058225 0.10748303774240978 0.16137439934754488
1 0.6335848782513538 0.6643661092457313 0.0991932508107789 0.13393974267981754
2 0.755417193593199 0.7996394432288685 0.10727848620028232 0.14965564934754472
2 0.8397372410748416 0.4885650358848235 0.09705405235290634 0.1456312206794994
1 0.8852090227281714 0.12092300254618735 0.06420459618439622 0.09838350334181781
1 0.9870539407472346 0.058812806532506166 0.02480117694751698 0.07839772000318168
2 0.9438322260573078 0.2975485898711423 0.07755403003177222 0.10244429467695407