1 0.11608863373999963 0.45147268801718105 0.06973323138263895 0.11015679734245402
1 0.12566626833302058 0.3085766633513628 0.06139340131052089 0.08740964067472685
2 0.20192029701836783 0.2891459580283169 0.05325359298989589 0.07325623400699968
1 0.26138490957555527 0.35313628003658926 0.051128048536979165 0.08260396200668155
2 0.2952709067257636 0.27382149737427086 0.048112151310520976 0.08725509933959064
1 0.22346994832888872 0.20265447469763495 0.056233775835555645 0.10062725600731781
2 0.10389383900274252 0.6396630313494538 0.055053788753333464 0.15059998400699967
1 0.16969937053788137 0.699819828691908 0.0808350387533335 0.1508999760104995
1 0.23891953638170071 0.8147186700349984 0.08105324430041679 0.1602749760104995
2 0.3464579730270826 0.8948976133831795 0.10521809612402802 0.1917976960136812
2 0.35653048936333287 0.5292907947167249 0.07026056145475704 0.13281304734245403
2 0.35893205680201357 0.3589601133831795 0.06617182028847228 0.09137043467536321
1 0.36066147701423595 0.18393284138286137 0.039863240216354255 0.06841419267186337
2 0.45806315387597196 0.19600667472945166 0.04607752583555573 0.10050907733927246
2 0.43720448679788165 0.2528106580601336 0.0332684013105208 0.08708237667090887
2 0.5073364552627428 0.19423563673613317 0.04576840131052098 0.08722782733927241
1 0.5718178357717013 0.14340948074472368 0.043315548536979165 0.08251305533895428
1 0.6200721913950346 0.21899128341817792 0.0666991503605903 0.11402668467536321
2 0.4533704281929163 0.46477485606299707 0.059576981382639005 0.11003861867440871
2 0.44139383900274254 0.64359019939527 0.06962412860909736 0.10546929734245403
2 0.5535145921368746 0.526894142743451 0.06713556145475703 0.1327766846753633
1 0.46455531601697847 0.8235958727323152 0.046295731382639004 0.10988407733927233
1 0.41208362623746453 0.8620583887253155 0.04745949430041687 0.15988407733927232
2 0.5996732387946521 0.9236555927056687 0.09667824430041669 0.15268881458866268
2 0.6358900278323258 0.5802105940881324 0.0748389586812154 0.12818009134309047
2 0.6914269405420133 0.8129509160964046 0.057506641526875055 0.1553147560073178
2 0.6762637207459719 0.42360660542645023 0.0537809230620141 0.09591248400699967
2 0.7538776148382981 0.5471991941040406 0.06201165036059031 0.11397214067472686
1 0.6830826440923262 0.13063785542645026 0.05367182028847246 0.09122498400699967
1 0.6771027881846525 0.25325774275935936 0.04287913744281262 0.06376305533895428
1 0.7308291598598957 0.16088897676635905 0.04789394576343753 0.07788009933959064
2 0.8269417468658681 0.12762303811263118 0.03784679853697952 0.08244942067154523
1 0.7642754798640276 0.2683383974379043 0.04800304853697916 0.08256759933959064
2 0.8387253935236455 0.5278684861154946 0.07378429853697951 0.08286759134309048
1 0.8870128506862492 0.7699019921228125 0.08577645868121522 0.12830736067790854