2 0.19195333203372572 0.25283797853284734 0.04842895667568144 0.06751546153100704
2 0.3169260600334075 0.2534036358272919 0.04847441000954493 0.07142171153100696
2 0.43911923337045283 0.28358405793937536 0.05950281667727229 0.0794887846692709
2 0.08553970003181673 0.2363024823325695 0.02710794000636336 0.047493249050069505
2 0.3106664220241807 0.18530759925815998 0.03262214334022691 0.05152678561920143
2 0.23655676002545337 0.19295513867708353 0.021548283338636055 0.03955346248093754
2 0.4064061833624987 0.22424477232017398 0.048565316677272284 0.07923421153100696
2 0.8911175380330894 0.2644249755861466 0.04842895667568144 0.06751546153100696
2 0.724165848026726 0.2136768271254173 0.04608520667568143 0.06746091014423614
2 0.6157175486950897 0.22364927953836858 0.04608520667568143 0.06746091014423614
1 0.7869385680299077 0.23856903077263952 0.03854542667886314 0.09071657218833336
2 0.9317329000238626 0.19741996675243131 0.02954259667409076 0.05536030043684033
2 0.08695729670590728 0.29100816612815983 0.019477253341817803 0.06293641109416673