2 0.028398140829960235 0.759765351328773 0.05679628165992047 0.330469297342454
1 0.3878897378251354 0.06266034794718425 0.04420969602224041 0.07159373667249973
2 0.2770476952114616 0.058482472628910834 0.06616651663909145 0.07653577534213596
2 0.009375 0.021875 0.01875 0.04375
2 0.20611581209543436 0.1842824513049104 0.05855856818121907 0.08816361867440872
2 0.30200501055330686 0.19488304929186553 0.07771767126547413 0.11181929467695406
1 0.5632737471606262 0.21761892592300355 0.044291516639091456 0.07628123667249972
1 0.5223936026805134 0.2774575499284124 0.06643925202859488 0.09216077534213599
2 0.6715186696439164 0.14684225457514058 0.0643000535707225 0.1038522533418178
2 0.8205504590111792 0.20056559655477785 0.049964818181219076 0.08806362133990878
2 0.7628338218379623 0.5089871712285503 0.09106710511284995 0.11588008601209036
2 0.9323804829571667 0.3718855185391877 0.06878300202859507 0.09218804734245412
2 0.4593190840128269 0.445345031269912 0.07792222280760175 0.12353804467695415