2 0.051476806705104385 0.26589841014423615 0.05223660685760425 0.09725751291777787
2 0.11352221181534743 0.24782186379145843 0.06239285685760425 0.09749390226045147
2 0.27841855357097234 0.153275696047778 0.047458187879652856 0.09324216014423614
2 0.2454463186729517 0.34693412385944467 0.04774912860909728 0.10574216014423614
2 0.32180814371107663 0.30654681962288216 0.05234570963114589 0.10194501291777787
2 0.4032945330537503 0.31859418436427117 0.06024912860909737 0.10603310087368065
2 0.4514761534947224 0.24163294728204895 0.05995818787965277 0.09353310087368065
2 0.5175200340036807 0.29470470231604207 0.06015820963114589 0.10212685087368065
2 0.5761131307932988 0.2624929207809033 0.06259287860909737 0.10608765226045147
2 0.6986427474345488 0.2934545928929867 0.052054768901701465 0.08944501291777787
2 0.7527308353904516 0.3025217747887159 0.04462412860909737 0.10566942496187508
2 0.8433006307932989 0.2687117788727785 0.06746221656499998 0.1140092550339931
2 0.9476971900638544 0.2586484074818758 0.06259287860909737 0.10608765226045147
2 0.3459885664887502 0.20482131867295167 0.05439851890170146 0.08949956430454868
2 0.9922453174386806 0.40347125142170226 0.01550936512263874 0.08023301386770836