2 0.2589499280314985 0.2245751365138803 0.04480451734563582 0.09189799498543509
2 0.3955050460295896 0.2065345271843957 0.05183576734563573 0.09210258346523714
2 0.7897903006842719 0.10675085820885737 0.051890311346272 0.09679008346523714
2 0.8907533640197265 0.11944342333169444 0.00813067333704538 0.027571070533113407
1 0.6875465480187719 0.11832250719264299 0.0056232913351362155 0.013440374373179376
2 0.6079681360200445 0.13001617663039972 0.007967041335136215 0.013508570533113407
2 0.513618699355499 0.1483917550810719 0.002452838001272717 0.009443196159933987
2 0.5377919960216354 0.1437808114284204 0.005577838001272717 0.00953412437317942
2 0.5401084740213171 0.14136886526848635 0.0056232913351362155 0.013440374373179376
2 0.5619016580203627 0.13370111777576882 0.002452838001272539 0.009443196159933987
2 0.572112452020999 0.13809310108272138 0.002452838001272717 0.00944319615993403