2 0.0818923117390975 0.3305511133434086 0.04951099715020839 0.080242030673136
2 0.14824335714194467 0.2953954106858627 0.04131663744281253 0.06374487400540882
2 0.2021489539315627 0.2624380073599533 0.03323138050895835 0.05193521733768165
2 0.27664176728618084 0.34218968936981653 0.05176382817225704 0.07636305267345422
2 0.4373065103523267 0.3323436167249973 0.05176382817225704 0.07636305267345422
2 0.5286205349536113 0.26233165607095127 0.09073671561506949 0.1400806546785449
2 0.6315455132021183 0.2549378740849506 0.04744000408406261 0.09193350867281787
2 0.7297303996950003 0.3458997760979955 0.03314046153100705 0.04802896733768165
2 0.7989336881639932 0.29906168610754047 0.04716724715020852 0.08021475867281787
2 0.8970997376509031 0.3556576787873581 0.03819163744281262 0.06370851133831792
2 0.9835556126040451 0.32701560546622116 0.03288877479190973 0.06761476133831792
2 0.2877591456109377 0.24937548070495277 0.029833623575104263 0.040180104670590744