2 0.08537362743068906 0.6386307079437181 0.14344958563108942 0.29689824677854626
2 0.3385359890396561 0.3707245486955812 0.029956281249588025 0.060324421642972935
2 0.42463713027335814 0.3795995789462022 0.03497106371699221 0.07910169272021186
2 0.5676683356310894 0.29282122073133765 0.03238185186643907 0.06502555718159239
2 0.13964452150706017 0.39063356947823247 0.016184107548481964 0.0321221535907962
2 0.4607422256469754 0.3442297055078313 0.013772173701106106 0.028202268052176738
2 0.5099609756469754 0.3439433591968233 0.018609678165332967 0.03682328912941557
2 0.66733709902377 0.31802523292978185 0.021502853084255237 0.023560219847574792
2 0.7324672211827487 0.33405423302797776 0.03221821063273715 0.0556505571815924
2 0.9214794323251059 0.27511452850210516 0.15704113534978817 0.3392039214465812
1 0.7604734443973873 0.28232356138500486 0.016265928165332965 0.03680965359079611
2 0.22541838027335812 0.3807585997288535 0.010878998782184013 0.04146533733401751