2 0.2536766047091082 0.19816996874920162 0.04698982264544593 0.09714841014423614
2 0.39767206655966125 0.18745328713781284 0.05558357264544585 0.09734843189572921
2 0.8157147288966817 0.10339525018743123 0.0556653932622968 0.10203593189572921
2 0.921678356737703 0.12227449638770911 0.008317060470581339 0.029088087955902786
1 0.7077385876629796 0.11026088639597283 0.005714211850553141 0.014189786569131968
2 0.6231999464292775 0.11767203647222275 0.00805796185055314 0.014244337955902787
2 0.5236811875008238 0.1325501944322574 0.0025073912337020944 0.009429551386770818
2 0.5487630081176749 0.12844457589114627 0.005632391233702095 0.009502286569131968
2 0.5519289184261004 0.12617356107350738 0.005714211850553141 0.014189786569131968
2 0.5747215361208521 0.11888839114562548 0.0025073912337020944 0.009429551386770818
2 0.5855635787345259 0.1246117142838894 0.0025073912337020944 0.009429551386770818