0 0.8796899616561514 0.5315826971200159 0.04359143959695402 0.10728123487468952
2 0.730902482831586 0.5926025312325797 0.04025736133812252 0.0713255541565303
2 0.577209856269957 0.556779181601922 0.026094867388246713 0.05405624092481372
2 0.28766608811958444 0.5069029432111911 0.05691359621281204 0.11438975292686634
2 0.4168127117543472 0.5991171934075827 0.041992578160635216 0.10102214451560983
2 0.6077558743221338 0.5433206695998695 0.02051248789975162 0.03449317466803503
1 0.647595079142594 0.5438701154433392 0.015052828258831141 0.03602385841125635
2 0.17372124190677232 0.6216244942444634 0.0395170179539809 0.07835225897699054
2 0.045746232831586034 0.596588653688992 0.03795451795398088 0.07834316861791084
2 0.1327604195016736 0.5453028887600733 0.03077327702916719 0.05252101200205246
2 0.767176326117532 0.5345809529737485 0.015043737899751618 0.034461358411256526