0 0.9079262999284123 0.5060687091593742 0.04582212468172671 0.11197397634864589
2 0.7525206372533673 0.5713878506862493 0.04226986334340861 0.07518249116628475
2 0.593581989258458 0.5375973449866661 0.027207937340863353 0.05608699905006951
2 0.2934189045990031 0.4914731062889233 0.05996644068268111 0.11933253466927099
2 0.4266757525859582 0.5844392434473955 0.0441868993475449 0.10568760875746541
2 0.6257677805935943 0.5235705593674648 0.021502830004772377 0.03564721248093754
1 0.6663836899268215 0.5234062519967703 0.01605226133831792 0.03708242591180557
2 0.174077463916322 0.6121876094230554 0.04156133867759042 0.08141430737069441
2 0.040801887253367315 0.5879532884689931 0.03999883867759041 0.08137793977951394
2 0.132026871260367 0.5342814681805208 0.03187725600731781 0.05463360182361114
2 0.7907115279280943 0.511140028497916 0.016034080004772376 0.03551992591180557