0 0.9062416143601393 0.4979207694269189 0.047113348973819316 0.11119657523376905
2 0.7537718842117712 0.5605349197962612 0.043133710581076554 0.07445964451560982
2 0.5927428120234379 0.523966681601922 0.027853549486909657 0.05562328610435348
2 0.290725063923299 0.47259157572474847 0.061339503134132035 0.11830963846548563
2 0.4273366707809032 0.5679035548439013 0.045405378609097366 0.10493748487468953
2 0.6244649374984033 0.5104990792407899 0.02191202080156245 0.035278969847574795
1 0.6651081212939934 0.5110439799047197 0.016479638392743114 0.036809653590796285
2 0.17550206705743104 0.5912466478352596 0.04249793094579868 0.08070509933607006
2 0.0420531342117713 0.5646755783570271 0.04093543094579868 0.08069600897699054
2 0.13147800370281293 0.5125858375304093 0.032504681895729214 0.05408805718159222
2 0.7898899157469101 0.5009417511783504 0.016443270801562448 0.03524715359079629