2 0.1890883335982511 0.8826563166375013 0.13324572367353413 0.23116018801718105
1 0.055279308772329804 0.48595513399109136 0.11055861754465961 0.17006814668204484
1 0.235212422802969 0.10269609663431967 0.0790463054894186 0.13993520401018134
1 0.08781458557680819 0.12237389198759148 0.07326766693047429 0.10238066000954502
1 0.45746785603077933 0.14072116593732106 0.06786711309040819 0.10466077534213594
1 0.6563289048562804 0.0970149772438223 0.0737223079967011 0.118005660009545
1 0.9101298547771381 0.12452016987591481 0.05217391693047446 0.10213521200668155
2 0.705693441211876 0.4135206772358681 0.09743860431491953 0.18154144867918126
2 0.8594883794542513 0.49607754388132363 0.09115150039571134 0.15335281401177223
1 0.5884103159807669 0.2571263212524128 0.06389266693047428 0.10227157200827239
1 0.6417600071926429 0.6782377052435041 0.10387882092882492 0.16131076468013567
1 0.35991061361913373 0.6752694359484569 0.14617162100796702 0.19226132001909005
1 0.21639760900028016 0.4809120033020469 0.08113164271557949 0.15792213534372673
2 0.5017166465430101 0.3377956132638668 0.09862301959604132 0.1417249706794994