2 0.184375 0.8748960145814764 0.12578125 0.24194111058312587
1 0.0453125 0.4685059590920577 0.090625 0.16982441818411545
1 0.20625 0.09740751207419392 0.0734375 0.13963681301126601
1 0.0609375 0.11114810015828458 0.06953125 0.1028044027447093
1 0.42734375 0.1444656831613033 0.0640625 0.10420777837152992
1 0.62265625 0.10874244648913844 0.06953125 0.1176481527447093
1 0.87421875 0.14653091765539009 0.0484375 0.10219063730530316
2 0.6796875 0.42446438638086625 0.09140625 0.1807846502374268
2 0.834375 0.5125590829365116 0.0859375 0.15328177586424746
1 0.56015625 0.2647363822242312 0.06015625 0.10253161810497317
1 0.625 0.6838106426490725 0.09765625 0.16143525666391767
1 0.34609375 0.6694452996169239 0.1390625 0.1923275554894186
1 0.19921875 0.47142167359439185 0.07578125 0.1576737591712
2 0.4765625 0.3412103025199177 0.09375 0.14179034639736088