2 0.19869386080148344 0.88046875 0.129172851459402 0.2390625
1 0.057466942168569235 0.48125 0.11493388433713847 0.1671875
1 0.2349050596598024 0.10390625 0.07583757142762995 0.1375
1 0.08926527719239832 0.12265625 0.07129039326229694 0.10078125
1 0.4552896976470936 0.14453125 0.06584891680124727 0.10234375
1 0.6513249464292776 0.103125 0.07154949188232518 0.115625
1 0.9023419756502709 0.134375 0.050196643262297155 0.10078125
2 0.7028742151002592 0.4171875 0.09451543344033872 0.178125
2 0.856102580766416 0.50078125 0.08856939650870785 0.15078125
1 0.5852890689952932 0.2609375 0.0619153932622968 0.10078125
1 0.6428371473260773 0.67890625 0.10042451420345948 0.15859375
1 0.3640536282513538 0.671875 0.14234896144351605 0.18828125
1 0.2205469103117208 0.47890625 0.07849496712555881 0.15546875
2 0.5003180052783011 0.33984375 0.09617734496658023 0.1390625